INT	INT	INT	INT	INT	INT	INT	INT	INT	INT	INT	INT	INT	INT	INT	INT	INT	INT	INT	INT	INT	INT	INT
ID(怪物编号)	Mvalue(怪物价值)	怪物掉落类型	DID1(掉落包编号)	DID2	DID3	DID4	DID5	DID6	DID7	DID8	DID9	DID10	DID11	DID12	DID13	DID14	DID15	DID16	DID17	DID18	DID19	DID20
#潇湘综合修改工具 QQ群923288704 潇湘QQ1400003003																						
#护岛神兽																						
704	100	1	30	31	31	-1	-1	-1	-1	-1	-1	-1	-1	-1	-1	-1	-1	-1	-1	-1	-1	-1
705	100	1	30	31	31	-1	-1	-1	-1	-1	-1	-1	-1	-1	-1	-1	-1	-1	-1	-1	-1	-1
706	100	1	30	31	31	-1	-1	-1	-1	-1	-1	-1	-1	-1	-1	-1	-1	-1	-1	-1	-1	-1
707	100	1	30	31	31	-1	-1	-1	-1	-1	-1	-1	-1	-1	-1	-1	-1	-1	-1	-1	-1	-1
#木桶伯																						
868	100	1	48	49	50	51	125	-1	-1	-1	-1	-1	-1	-1	-1	-1	-1	-1	-1	-1	-1	-1
#门派BOSS																						
869	100	1	1	2	3	10	11	12	13	125	-1	-1	-1	-1	-1	-1	-1	-1	-1	-1	-1	-1
870	100	1	1	2	3	10	11	12	13	125	-1	-1	-1	-1	-1	-1	-1	-1	-1	-1	-1	-1
871	100	1	1	2	3	10	11	12	13	125	-1	-1	-1	-1	-1	-1	-1	-1	-1	-1	-1	-1
872	100	1	1	2	4	10	11	12	13	125	-1	-1	-1	-1	-1	-1	-1	-1	-1	-1	-1	-1
873	100	1	1	2	5	10	11	12	13	125	-1	-1	-1	-1	-1	-1	-1	-1	-1	-1	-1	-1
874	100	1	1	2	6	10	11	12	13	125	-1	-1	-1	-1	-1	-1	-1	-1	-1	-1	-1	-1
875	100	1	1	2	7	10	11	12	13	125	-1	-1	-1	-1	-1	-1	-1	-1	-1	-1	-1	-1
876	100	1	1	2	8	10	11	12	13	125	-1	-1	-1	-1	-1	-1	-1	-1	-1	-1	-1	-1
877	100	1	1	2	9	10	11	12	13	125	-1	-1	-1	-1	-1	-1	-1	-1	-1	-1	-1	-1
#工魂影像																						
880	100	1	45	46	47	125	-1	-1	-1	-1	-1	-1	-1	-1	-1	-1	-1	-1	-1	-1	-1	-1
#镜湖小龙																						
884	100	1	69	80	78	85	125	-1	-1	-1	-1	-1	-1	-1	-1	-1	-1	-1	-1	-1	-1	-1
885	100	1	69	80	78	85	125	-1	-1	-1	-1	-1	-1	-1	-1	-1	-1	-1	-1	-1	-1	-1
886	100	1	69	80	78	85	125	-1	-1	-1	-1	-1	-1	-1	-1	-1	-1	-1	-1	-1	-1	-1
887	100	1	69	80	78	85	125	-1	-1	-1	-1	-1	-1	-1	-1	-1	-1	-1	-1	-1	-1	-1
888	100	1	69	80	78	85	125	-1	-1	-1	-1	-1	-1	-1	-1	-1	-1	-1	-1	-1	-1	-1
889	100	1	69	80	78	85	125	-1	-1	-1	-1	-1	-1	-1	-1	-1	-1	-1	-1	-1	-1	-1
#古墓																						
1348	100	1	22	23	24	125	-1	-1	-1	-1	-1	-1	-1	-1	-1	-1	-1	-1	-1	-1	-1	-1
1351	100	1	22	23	24	125	-1	-1	-1	-1	-1	-1	-1	-1	-1	-1	-1	-1	-1	-1	-1	-1
1354	100	1	22	23	24	125	-1	-1	-1	-1	-1	-1	-1	-1	-1	-1	-1	-1	-1	-1	-1	-1
1357	100	1	22	23	24	125	-1	-1	-1	-1	-1	-1	-1	-1	-1	-1	-1	-1	-1	-1	-1	-1
1360	100	1	22	23	24	125	-1	-1	-1	-1	-1	-1	-1	-1	-1	-1	-1	-1	-1	-1	-1	-1
1363	100	1	22	23	24	125	-1	-1	-1	-1	-1	-1	-1	-1	-1	-1	-1	-1	-1	-1	-1	-1
1366	100	1	22	23	24	125	-1	-1	-1	-1	-1	-1	-1	-1	-1	-1	-1	-1	-1	-1	-1	-1
1369	100	1	22	23	24	125	-1	-1	-1	-1	-1	-1	-1	-1	-1	-1	-1	-1	-1	-1	-1	-1
1372	100	1	22	23	24	125	-1	-1	-1	-1	-1	-1	-1	-1	-1	-1	-1	-1	-1	-1	-1	-1
1373	100	1	22	23	24	125	-1	-1	-1	-1	-1	-1	-1	-1	-1	-1	-1	-1	-1	-1	-1	-1
1374	100	1	22	23	24	125	-1	-1	-1	-1	-1	-1	-1	-1	-1	-1	-1	-1	-1	-1	-1	-1
1375	100	1	22	23	24	125	-1	-1	-1	-1	-1	-1	-1	-1	-1	-1	-1	-1	-1	-1	-1	-1
#秦皇																						
1389	100	1	25	26	27	125	-1	-1	-1	-1	-1	-1	-1	-1	-1	-1	-1	-1	-1	-1	-1	-1
1396	100	1	25	26	27	125	-1	-1	-1	-1	-1	-1	-1	-1	-1	-1	-1	-1	-1	-1	-1	-1
1403	100	1	25	26	27	125	-1	-1	-1	-1	-1	-1	-1	-1	-1	-1	-1	-1	-1	-1	-1	-1
#棋魂																						
1850	100	1	92	97	98	105	106	-1	-1	-1	-1	-1	-1	-1	-1	-1	-1	-1	-1	-1	-1	-1
1851	100	1	92	97	98	105	106	-1	-1	-1	-1	-1	-1	-1	-1	-1	-1	-1	-1	-1	-1	-1
1852	100	1	92	97	98	105	106	-1	-1	-1	-1	-1	-1	-1	-1	-1	-1	-1	-1	-1	-1	-1
1853	100	1	92	97	98	105	106	-1	-1	-1	-1	-1	-1	-1	-1	-1	-1	-1	-1	-1	-1	-1
1854	100	1	92	97	98	105	106	-1	-1	-1	-1	-1	-1	-1	-1	-1	-1	-1	-1	-1	-1	-1
1855	100	1	92	97	98	105	106	-1	-1	-1	-1	-1	-1	-1	-1	-1	-1	-1	-1	-1	-1	-1
1856	100	1	92	97	98	105	106	-1	-1	-1	-1	-1	-1	-1	-1	-1	-1	-1	-1	-1	-1	-1
1857	100	1	92	97	98	105	106	-1	-1	-1	-1	-1	-1	-1	-1	-1	-1	-1	-1	-1	-1	-1
1858	100	1	92	97	98	105	106	-1	-1	-1	-1	-1	-1	-1	-1	-1	-1	-1	-1	-1	-1	-1
1859	100	1	92	97	98	105	106	-1	-1	-1	-1	-1	-1	-1	-1	-1	-1	-1	-1	-1	-1	-1
#反贼小怪																						
3640	100	1	126	-1	-1	-1	-1	-1	-1	-1	-1	-1	-1	-1	-1	-1	-1	-1	-1	-1	-1	-1
3641	100	1	126	-1	-1	-1	-1	-1	-1	-1	-1	-1	-1	-1	-1	-1	-1	-1	-1	-1	-1	-1
3642	100	1	126	-1	-1	-1	-1	-1	-1	-1	-1	-1	-1	-1	-1	-1	-1	-1	-1	-1	-1	-1
3643	100	1	126	-1	-1	-1	-1	-1	-1	-1	-1	-1	-1	-1	-1	-1	-1	-1	-1	-1	-1	-1
3644	100	1	126	-1	-1	-1	-1	-1	-1	-1	-1	-1	-1	-1	-1	-1	-1	-1	-1	-1	-1	-1
3645	100	1	126	-1	-1	-1	-1	-1	-1	-1	-1	-1	-1	-1	-1	-1	-1	-1	-1	-1	-1	-1
3646	100	1	126	-1	-1	-1	-1	-1	-1	-1	-1	-1	-1	-1	-1	-1	-1	-1	-1	-1	-1	-1
3647	100	1	126	-1	-1	-1	-1	-1	-1	-1	-1	-1	-1	-1	-1	-1	-1	-1	-1	-1	-1	-1
3648	100	1	126	-1	-1	-1	-1	-1	-1	-1	-1	-1	-1	-1	-1	-1	-1	-1	-1	-1	-1	-1
3649	100	1	126	-1	-1	-1	-1	-1	-1	-1	-1	-1	-1	-1	-1	-1	-1	-1	-1	-1	-1	-1
#反贼头目																						
3650	100	1	55	56	57	58	60	-1	-1	-1	-1	-1	-1	-1	-1	-1	-1	-1	-1	-1	-1	-1
3651	100	1	55	56	57	58	60	-1	-1	-1	-1	-1	-1	-1	-1	-1	-1	-1	-1	-1	-1	-1
3652	100	1	55	56	57	58	60	-1	-1	-1	-1	-1	-1	-1	-1	-1	-1	-1	-1	-1	-1	-1
3653	100	1	55	56	57	58	60	-1	-1	-1	-1	-1	-1	-1	-1	-1	-1	-1	-1	-1	-1	-1
3654	100	1	55	56	57	58	60	-1	-1	-1	-1	-1	-1	-1	-1	-1	-1	-1	-1	-1	-1	-1
3655	100	1	55	56	57	58	60	-1	-1	-1	-1	-1	-1	-1	-1	-1	-1	-1	-1	-1	-1	-1
3656	100	1	55	56	57	58	60	-1	-1	-1	-1	-1	-1	-1	-1	-1	-1	-1	-1	-1	-1	-1
3657	100	1	55	56	57	58	60	-1	-1	-1	-1	-1	-1	-1	-1	-1	-1	-1	-1	-1	-1	-1
3658	100	1	55	56	57	58	60	-1	-1	-1	-1	-1	-1	-1	-1	-1	-1	-1	-1	-1	-1	-1
3659	100	1	55	56	57	58	60	-1	-1	-1	-1	-1	-1	-1	-1	-1	-1	-1	-1	-1	-1	-1
#宵小小怪																						
3660	100	1	126	-1	-1	-1	-1	-1	-1	-1	-1	-1	-1	-1	-1	-1	-1	-1	-1	-1	-1	-1
3661	100	1	126	-1	-1	-1	-1	-1	-1	-1	-1	-1	-1	-1	-1	-1	-1	-1	-1	-1	-1	-1
3662	100	1	126	-1	-1	-1	-1	-1	-1	-1	-1	-1	-1	-1	-1	-1	-1	-1	-1	-1	-1	-1
3663	100	1	126	-1	-1	-1	-1	-1	-1	-1	-1	-1	-1	-1	-1	-1	-1	-1	-1	-1	-1	-1
3664	100	1	126	-1	-1	-1	-1	-1	-1	-1	-1	-1	-1	-1	-1	-1	-1	-1	-1	-1	-1	-1
3665	100	1	126	-1	-1	-1	-1	-1	-1	-1	-1	-1	-1	-1	-1	-1	-1	-1	-1	-1	-1	-1
3666	100	1	126	-1	-1	-1	-1	-1	-1	-1	-1	-1	-1	-1	-1	-1	-1	-1	-1	-1	-1	-1
3667	100	1	126	-1	-1	-1	-1	-1	-1	-1	-1	-1	-1	-1	-1	-1	-1	-1	-1	-1	-1	-1
3668	100	1	126	-1	-1	-1	-1	-1	-1	-1	-1	-1	-1	-1	-1	-1	-1	-1	-1	-1	-1	-1
3669	100	1	126	-1	-1	-1	-1	-1	-1	-1	-1	-1	-1	-1	-1	-1	-1	-1	-1	-1	-1	-1
#宵小恶霸																						
3670	100	1	61	62	63	65	-1	-1	-1	-1	-1	-1	-1	-1	-1	-1	-1	-1	-1	-1	-1	-1
3671	100	1	61	62	63	65	-1	-1	-1	-1	-1	-1	-1	-1	-1	-1	-1	-1	-1	-1	-1	-1
3672	100	1	61	62	63	65	-1	-1	-1	-1	-1	-1	-1	-1	-1	-1	-1	-1	-1	-1	-1	-1
3673	100	1	61	62	63	65	-1	-1	-1	-1	-1	-1	-1	-1	-1	-1	-1	-1	-1	-1	-1	-1
3674	100	1	61	62	63	65	-1	-1	-1	-1	-1	-1	-1	-1	-1	-1	-1	-1	-1	-1	-1	-1
3675	100	1	61	62	63	65	-1	-1	-1	-1	-1	-1	-1	-1	-1	-1	-1	-1	-1	-1	-1	-1
3676	100	1	61	62	63	65	-1	-1	-1	-1	-1	-1	-1	-1	-1	-1	-1	-1	-1	-1	-1	-1
3677	100	1	61	62	63	65	-1	-1	-1	-1	-1	-1	-1	-1	-1	-1	-1	-1	-1	-1	-1	-1
3678	100	1	61	62	63	65	-1	-1	-1	-1	-1	-1	-1	-1	-1	-1	-1	-1	-1	-1	-1	-1
3679	100	1	61	62	63	65	-1	-1	-1	-1	-1	-1	-1	-1	-1	-1	-1	-1	-1	-1	-1	-1
#蹴鞠																						
3720	100	1	93	97	98	105	108	-1	-1	-1	-1	-1	-1	-1	-1	-1	-1	-1	-1	-1	-1	-1
3721	100	1	93	97	98	105	108	-1	-1	-1	-1	-1	-1	-1	-1	-1	-1	-1	-1	-1	-1	-1
3722	100	1	93	97	98	105	108	-1	-1	-1	-1	-1	-1	-1	-1	-1	-1	-1	-1	-1	-1	-1
3723	100	1	93	97	98	105	108	-1	-1	-1	-1	-1	-1	-1	-1	-1	-1	-1	-1	-1	-1	-1
3724	100	1	93	97	98	105	109	-1	-1	-1	-1	-1	-1	-1	-1	-1	-1	-1	-1	-1	-1	-1
3725	100	1	93	97	98	105	110	-1	-1	-1	-1	-1	-1	-1	-1	-1	-1	-1	-1	-1	-1	-1
3726	100	1	93	97	98	105	111	-1	-1	-1	-1	-1	-1	-1	-1	-1	-1	-1	-1	-1	-1	-1
3727	100	1	93	97	98	105	112	-1	-1	-1	-1	-1	-1	-1	-1	-1	-1	-1	-1	-1	-1	-1
3728	100	1	93	97	98	105	113	-1	-1	-1	-1	-1	-1	-1	-1	-1	-1	-1	-1	-1	-1	-1
3729	100	1	93	97	98	105	114	-1	-1	-1	-1	-1	-1	-1	-1	-1	-1	-1	-1	-1	-1	-1
#飞天猫																						
3830	100	1	28	29	125	-1	-1	-1	-1	-1	-1	-1	-1	-1	-1	-1	-1	-1	-1	-1	-1	-1
3831	100	1	28	29	125	-1	-1	-1	-1	-1	-1	-1	-1	-1	-1	-1	-1	-1	-1	-1	-1	-1
3832	100	1	28	29	125	-1	-1	-1	-1	-1	-1	-1	-1	-1	-1	-1	-1	-1	-1	-1	-1	-1
3833	100	1	126	-1	-1	-1	-1	-1	-1	-1	-1	-1	-1	-1	-1	-1	-1	-1	-1	-1	-1	-1
3834	100	1	126	-1	-1	-1	-1	-1	-1	-1	-1	-1	-1	-1	-1	-1	-1	-1	-1	-1	-1	-1
3835	100	1	126	-1	-1	-1	-1	-1	-1	-1	-1	-1	-1	-1	-1	-1	-1	-1	-1	-1	-1	-1
3836	100	1	126	-1	-1	-1	-1	-1	-1	-1	-1	-1	-1	-1	-1	-1	-1	-1	-1	-1	-1	-1
3837	100	1	126	-1	-1	-1	-1	-1	-1	-1	-1	-1	-1	-1	-1	-1	-1	-1	-1	-1	-1	-1
3838	100	1	126	-1	-1	-1	-1	-1	-1	-1	-1	-1	-1	-1	-1	-1	-1	-1	-1	-1	-1	-1
3839	100	1	126	-1	-1	-1	-1	-1	-1	-1	-1	-1	-1	-1	-1	-1	-1	-1	-1	-1	-1	-1
3840	100	1	126	-1	-1	-1	-1	-1	-1	-1	-1	-1	-1	-1	-1	-1	-1	-1	-1	-1	-1	-1
3841	100	1	126	-1	-1	-1	-1	-1	-1	-1	-1	-1	-1	-1	-1	-1	-1	-1	-1	-1	-1	-1
3842	100	1	126	-1	-1	-1	-1	-1	-1	-1	-1	-1	-1	-1	-1	-1	-1	-1	-1	-1	-1	-1
3843	100	1	126	-1	-1	-1	-1	-1	-1	-1	-1	-1	-1	-1	-1	-1	-1	-1	-1	-1	-1	-1
3844	100	1	126	-1	-1	-1	-1	-1	-1	-1	-1	-1	-1	-1	-1	-1	-1	-1	-1	-1	-1	-1
#老三环																						
4060	100	1	126	-1	-1	-1	-1	-1	-1	-1	-1	-1	-1	-1	-1	-1	-1	-1	-1	-1	-1	-1
4061	100	1	126	-1	-1	-1	-1	-1	-1	-1	-1	-1	-1	-1	-1	-1	-1	-1	-1	-1	-1	-1
4062	100	1	126	-1	-1	-1	-1	-1	-1	-1	-1	-1	-1	-1	-1	-1	-1	-1	-1	-1	-1	-1
4063	100	1	126	-1	-1	-1	-1	-1	-1	-1	-1	-1	-1	-1	-1	-1	-1	-1	-1	-1	-1	-1
4064	100	1	126	-1	-1	-1	-1	-1	-1	-1	-1	-1	-1	-1	-1	-1	-1	-1	-1	-1	-1	-1
4065	100	1	126	-1	-1	-1	-1	-1	-1	-1	-1	-1	-1	-1	-1	-1	-1	-1	-1	-1	-1	-1
4066	100	1	126	-1	-1	-1	-1	-1	-1	-1	-1	-1	-1	-1	-1	-1	-1	-1	-1	-1	-1	-1
4067	100	1	126	-1	-1	-1	-1	-1	-1	-1	-1	-1	-1	-1	-1	-1	-1	-1	-1	-1	-1	-1
4068	100	1	126	-1	-1	-1	-1	-1	-1	-1	-1	-1	-1	-1	-1	-1	-1	-1	-1	-1	-1	-1
4069	100	1	126	-1	-1	-1	-1	-1	-1	-1	-1	-1	-1	-1	-1	-1	-1	-1	-1	-1	-1	-1
#伪宋军副都统																						
4080	100	1	90	98	99	96	-1	-1	-1	-1	-1	-1	-1	-1	-1	-1	-1	-1	-1	-1	-1	-1
4081	100	1	90	98	99	96	-1	-1	-1	-1	-1	-1	-1	-1	-1	-1	-1	-1	-1	-1	-1	-1
4082	100	1	90	98	99	96	-1	-1	-1	-1	-1	-1	-1	-1	-1	-1	-1	-1	-1	-1	-1	-1
4083	100	1	90	98	99	96	-1	-1	-1	-1	-1	-1	-1	-1	-1	-1	-1	-1	-1	-1	-1	-1
4084	100	1	90	98	99	96	-1	-1	-1	-1	-1	-1	-1	-1	-1	-1	-1	-1	-1	-1	-1	-1
4085	100	1	90	98	99	96	-1	-1	-1	-1	-1	-1	-1	-1	-1	-1	-1	-1	-1	-1	-1	-1
4086	100	1	90	98	99	96	-1	-1	-1	-1	-1	-1	-1	-1	-1	-1	-1	-1	-1	-1	-1	-1
4087	100	1	90	98	99	96	-1	-1	-1	-1	-1	-1	-1	-1	-1	-1	-1	-1	-1	-1	-1	-1
4088	100	1	90	98	99	96	-1	-1	-1	-1	-1	-1	-1	-1	-1	-1	-1	-1	-1	-1	-1	-1
4089	100	1	90	98	99	96	-1	-1	-1	-1	-1	-1	-1	-1	-1	-1	-1	-1	-1	-1	-1	-1
#宋军都统																						
4090	100	1	90	98	99	96	-1	-1	-1	-1	-1	-1	-1	-1	-1	-1	-1	-1	-1	-1	-1	-1
4091	100	1	90	98	99	96	-1	-1	-1	-1	-1	-1	-1	-1	-1	-1	-1	-1	-1	-1	-1	-1
4092	100	1	90	98	99	96	-1	-1	-1	-1	-1	-1	-1	-1	-1	-1	-1	-1	-1	-1	-1	-1
4093	100	1	90	98	99	96	-1	-1	-1	-1	-1	-1	-1	-1	-1	-1	-1	-1	-1	-1	-1	-1
4094	100	1	90	98	99	96	-1	-1	-1	-1	-1	-1	-1	-1	-1	-1	-1	-1	-1	-1	-1	-1
4095	100	1	90	98	99	96	-1	-1	-1	-1	-1	-1	-1	-1	-1	-1	-1	-1	-1	-1	-1	-1
4096	100	1	90	98	99	96	-1	-1	-1	-1	-1	-1	-1	-1	-1	-1	-1	-1	-1	-1	-1	-1
4097	100	1	90	98	99	96	-1	-1	-1	-1	-1	-1	-1	-1	-1	-1	-1	-1	-1	-1	-1	-1
4098	100	1	90	98	99	96	-1	-1	-1	-1	-1	-1	-1	-1	-1	-1	-1	-1	-1	-1	-1	-1
4099	100	1	90	98	99	96	-1	-1	-1	-1	-1	-1	-1	-1	-1	-1	-1	-1	-1	-1	-1	-1
#余毒																						
4100	100	1	90	98	99	96	-1	-1	-1	-1	-1	-1	-1	-1	-1	-1	-1	-1	-1	-1	-1	-1
4101	100	1	90	98	99	96	-1	-1	-1	-1	-1	-1	-1	-1	-1	-1	-1	-1	-1	-1	-1	-1
4102	100	1	90	98	99	96	-1	-1	-1	-1	-1	-1	-1	-1	-1	-1	-1	-1	-1	-1	-1	-1
4103	100	1	90	98	99	96	-1	-1	-1	-1	-1	-1	-1	-1	-1	-1	-1	-1	-1	-1	-1	-1
4104	100	1	90	98	99	96	-1	-1	-1	-1	-1	-1	-1	-1	-1	-1	-1	-1	-1	-1	-1	-1
4105	100	1	90	98	99	96	-1	-1	-1	-1	-1	-1	-1	-1	-1	-1	-1	-1	-1	-1	-1	-1
4106	100	1	90	98	99	96	-1	-1	-1	-1	-1	-1	-1	-1	-1	-1	-1	-1	-1	-1	-1	-1
4107	100	1	90	98	99	96	-1	-1	-1	-1	-1	-1	-1	-1	-1	-1	-1	-1	-1	-1	-1	-1
4108	100	1	90	98	99	96	-1	-1	-1	-1	-1	-1	-1	-1	-1	-1	-1	-1	-1	-1	-1	-1
4109	100	1	90	98	99	96	-1	-1	-1	-1	-1	-1	-1	-1	-1	-1	-1	-1	-1	-1	-1	-1
#野熊																						
4110	100	1	126	-1	-1	-1	-1	-1	-1	-1	-1	-1	-1	-1	-1	-1	-1	-1	-1	-1	-1	-1
4111	100	1	126	-1	-1	-1	-1	-1	-1	-1	-1	-1	-1	-1	-1	-1	-1	-1	-1	-1	-1	-1
4112	100	1	126	-1	-1	-1	-1	-1	-1	-1	-1	-1	-1	-1	-1	-1	-1	-1	-1	-1	-1	-1
4113	100	1	126	-1	-1	-1	-1	-1	-1	-1	-1	-1	-1	-1	-1	-1	-1	-1	-1	-1	-1	-1
4114	100	1	126	-1	-1	-1	-1	-1	-1	-1	-1	-1	-1	-1	-1	-1	-1	-1	-1	-1	-1	-1
4115	100	1	126	-1	-1	-1	-1	-1	-1	-1	-1	-1	-1	-1	-1	-1	-1	-1	-1	-1	-1	-1
4116	100	1	126	-1	-1	-1	-1	-1	-1	-1	-1	-1	-1	-1	-1	-1	-1	-1	-1	-1	-1	-1
4117	100	1	126	-1	-1	-1	-1	-1	-1	-1	-1	-1	-1	-1	-1	-1	-1	-1	-1	-1	-1	-1
4118	100	1	126	-1	-1	-1	-1	-1	-1	-1	-1	-1	-1	-1	-1	-1	-1	-1	-1	-1	-1	-1
4119	100	1	126	-1	-1	-1	-1	-1	-1	-1	-1	-1	-1	-1	-1	-1	-1	-1	-1	-1	-1	-1
#野熊王																						
4120	100	1	90	98	99	96	-1	-1	-1	-1	-1	-1	-1	-1	-1	-1	-1	-1	-1	-1	-1	-1
4121	100	1	90	98	99	96	-1	-1	-1	-1	-1	-1	-1	-1	-1	-1	-1	-1	-1	-1	-1	-1
4122	100	1	90	98	99	96	-1	-1	-1	-1	-1	-1	-1	-1	-1	-1	-1	-1	-1	-1	-1	-1
4123	100	1	90	98	99	96	-1	-1	-1	-1	-1	-1	-1	-1	-1	-1	-1	-1	-1	-1	-1	-1
4124	100	1	90	98	99	96	-1	-1	-1	-1	-1	-1	-1	-1	-1	-1	-1	-1	-1	-1	-1	-1
4125	100	1	90	98	99	96	-1	-1	-1	-1	-1	-1	-1	-1	-1	-1	-1	-1	-1	-1	-1	-1
4126	100	1	90	98	99	96	-1	-1	-1	-1	-1	-1	-1	-1	-1	-1	-1	-1	-1	-1	-1	-1
4127	100	1	90	98	99	96	-1	-1	-1	-1	-1	-1	-1	-1	-1	-1	-1	-1	-1	-1	-1	-1
4128	100	1	90	98	99	96	-1	-1	-1	-1	-1	-1	-1	-1	-1	-1	-1	-1	-1	-1	-1	-1
4129	100	1	90	98	99	96	-1	-1	-1	-1	-1	-1	-1	-1	-1	-1	-1	-1	-1	-1	-1	-1
#山寨大王																						
4130	100	1	98	96	91	99	108	-1	-1	-1	-1	-1	-1	-1	-1	-1	-1	-1	-1	-1	-1	-1
4131	100	1	98	96	91	99	108	-1	-1	-1	-1	-1	-1	-1	-1	-1	-1	-1	-1	-1	-1	-1
4132	100	1	98	96	91	99	108	-1	-1	-1	-1	-1	-1	-1	-1	-1	-1	-1	-1	-1	-1	-1
4133	100	1	98	96	91	99	108	-1	-1	-1	-1	-1	-1	-1	-1	-1	-1	-1	-1	-1	-1	-1
4134	100	1	98	96	91	99	109	-1	-1	-1	-1	-1	-1	-1	-1	-1	-1	-1	-1	-1	-1	-1
4135	100	1	98	96	91	99	110	-1	-1	-1	-1	-1	-1	-1	-1	-1	-1	-1	-1	-1	-1	-1
4136	100	1	98	96	91	99	111	-1	-1	-1	-1	-1	-1	-1	-1	-1	-1	-1	-1	-1	-1	-1
4137	100	1	98	96	91	99	112	-1	-1	-1	-1	-1	-1	-1	-1	-1	-1	-1	-1	-1	-1	-1
4138	100	1	98	96	91	99	113	-1	-1	-1	-1	-1	-1	-1	-1	-1	-1	-1	-1	-1	-1	-1
4139	100	1	98	96	91	99	114	-1	-1	-1	-1	-1	-1	-1	-1	-1	-1	-1	-1	-1	-1	-1
#四大场景																						
9100	100	1	14	15	16	17	18	19	20	21	125	-1	-1	-1	-1	-1	-1	-1	-1	-1	-1	-1
9101	100	1	14	15	16	17	18	19	20	21	125	-1	-1	-1	-1	-1	-1	-1	-1	-1	-1	-1
9102	100	1	14	15	16	17	18	19	20	21	125	-1	-1	-1	-1	-1	-1	-1	-1	-1	-1	-1
9103	100	1	14	15	16	17	18	19	20	21	125	-1	-1	-1	-1	-1	-1	-1	-1	-1	-1	-1
9104	100	1	14	15	16	17	18	19	20	21	125	-1	-1	-1	-1	-1	-1	-1	-1	-1	-1	-1
9105	100	1	14	15	16	17	18	19	20	21	125	-1	-1	-1	-1	-1	-1	-1	-1	-1	-1	-1
9106	100	1	14	15	16	17	18	19	20	21	125	-1	-1	-1	-1	-1	-1	-1	-1	-1	-1	-1
9107	100	1	14	15	16	17	18	19	20	21	125	-1	-1	-1	-1	-1	-1	-1	-1	-1	-1	-1
9108	100	1	14	15	16	17	18	19	20	21	125	-1	-1	-1	-1	-1	-1	-1	-1	-1	-1	-1
9109	100	1	14	15	16	17	18	19	20	21	125	-1	-1	-1	-1	-1	-1	-1	-1	-1	-1	-1
9110	100	1	14	15	16	17	18	19	20	21	125	-1	-1	-1	-1	-1	-1	-1	-1	-1	-1	-1
9111	100	1	14	15	16	17	18	19	20	21	125	-1	-1	-1	-1	-1	-1	-1	-1	-1	-1	-1
9112	100	1	14	15	16	17	18	19	20	21	125	-1	-1	-1	-1	-1	-1	-1	-1	-1	-1	-1
9113	100	1	14	15	16	17	18	19	20	21	125	-1	-1	-1	-1	-1	-1	-1	-1	-1	-1	-1
9114	100	1	14	15	16	17	18	19	20	21	125	-1	-1	-1	-1	-1	-1	-1	-1	-1	-1	-1
9115	100	1	14	15	16	17	18	19	20	21	125	-1	-1	-1	-1	-1	-1	-1	-1	-1	-1	-1
9116	100	1	14	15	16	17	18	19	20	21	125	-1	-1	-1	-1	-1	-1	-1	-1	-1	-1	-1
9117	100	1	14	15	16	17	18	19	20	21	125	-1	-1	-1	-1	-1	-1	-1	-1	-1	-1	-1
9118	100	1	14	15	16	17	18	19	20	21	125	-1	-1	-1	-1	-1	-1	-1	-1	-1	-1	-1
9119	100	1	14	15	16	17	18	19	20	21	125	-1	-1	-1	-1	-1	-1	-1	-1	-1	-1	-1
9120	100	1	14	15	16	17	18	19	20	21	125	-1	-1	-1	-1	-1	-1	-1	-1	-1	-1	-1
9121	100	1	14	15	16	17	18	19	20	21	125	-1	-1	-1	-1	-1	-1	-1	-1	-1	-1	-1
9122	100	1	14	15	16	17	18	19	20	21	125	-1	-1	-1	-1	-1	-1	-1	-1	-1	-1	-1
9123	100	1	14	15	16	17	18	19	20	21	125	-1	-1	-1	-1	-1	-1	-1	-1	-1	-1	-1
9124	100	1	14	15	16	17	18	19	20	21	125	-1	-1	-1	-1	-1	-1	-1	-1	-1	-1	-1
9125	100	1	14	15	16	17	18	19	20	21	125	-1	-1	-1	-1	-1	-1	-1	-1	-1	-1	-1
9126	100	1	14	15	16	17	18	19	20	21	125	-1	-1	-1	-1	-1	-1	-1	-1	-1	-1	-1
9127	100	1	14	15	16	17	18	19	20	21	125	-1	-1	-1	-1	-1	-1	-1	-1	-1	-1	-1
9128	100	1	14	15	16	17	18	19	20	21	125	-1	-1	-1	-1	-1	-1	-1	-1	-1	-1	-1
9129	100	1	14	15	16	17	18	19	20	21	125	-1	-1	-1	-1	-1	-1	-1	-1	-1	-1	-1
9130	100	1	14	15	16	17	18	19	20	21	125	-1	-1	-1	-1	-1	-1	-1	-1	-1	-1	-1
9131	100	1	14	15	16	17	18	19	20	21	125	-1	-1	-1	-1	-1	-1	-1	-1	-1	-1	-1
9132	100	1	14	15	16	17	18	19	20	21	125	-1	-1	-1	-1	-1	-1	-1	-1	-1	-1	-1
9133	100	1	14	15	16	17	18	19	20	21	125	-1	-1	-1	-1	-1	-1	-1	-1	-1	-1	-1
9134	100	1	14	15	16	17	18	19	20	21	125	-1	-1	-1	-1	-1	-1	-1	-1	-1	-1	-1
9135	100	1	14	15	16	17	18	19	20	21	125	-1	-1	-1	-1	-1	-1	-1	-1	-1	-1	-1
9136	100	1	14	15	16	17	18	19	20	21	125	-1	-1	-1	-1	-1	-1	-1	-1	-1	-1	-1
9137	100	1	14	15	16	17	18	19	20	21	125	-1	-1	-1	-1	-1	-1	-1	-1	-1	-1	-1
9138	100	1	14	15	16	17	18	19	20	21	125	-1	-1	-1	-1	-1	-1	-1	-1	-1	-1	-1
9139	100	1	14	15	16	17	18	19	20	21	125	-1	-1	-1	-1	-1	-1	-1	-1	-1	-1	-1
#燕子坞																						
9326	100	1	111	93	97	102	98	-1	-1	-1	-1	-1	-1	-1	-1	-1	-1	-1	-1	-1	-1	-1
9327	100	1	112	93	97	102	98	-1	-1	-1	-1	-1	-1	-1	-1	-1	-1	-1	-1	-1	-1	-1
9328	100	1	113	93	97	102	98	-1	-1	-1	-1	-1	-1	-1	-1	-1	-1	-1	-1	-1	-1	-1
9329	100	1	114	93	97	102	98	-1	-1	-1	-1	-1	-1	-1	-1	-1	-1	-1	-1	-1	-1	-1
9336	100	1	111	93	97	102	98	-1	-1	-1	-1	-1	-1	-1	-1	-1	-1	-1	-1	-1	-1	-1
9337	100	1	112	93	97	102	98	-1	-1	-1	-1	-1	-1	-1	-1	-1	-1	-1	-1	-1	-1	-1
9338	100	1	113	93	97	102	98	-1	-1	-1	-1	-1	-1	-1	-1	-1	-1	-1	-1	-1	-1	-1
9339	100	1	114	93	97	102	98	-1	-1	-1	-1	-1	-1	-1	-1	-1	-1	-1	-1	-1	-1	-1
9346	100	1	111	93	97	102	98	-1	-1	-1	-1	-1	-1	-1	-1	-1	-1	-1	-1	-1	-1	-1
9347	100	1	112	93	97	102	98	-1	-1	-1	-1	-1	-1	-1	-1	-1	-1	-1	-1	-1	-1	-1
9348	100	1	113	93	97	102	98	-1	-1	-1	-1	-1	-1	-1	-1	-1	-1	-1	-1	-1	-1	-1
9349	100	1	114	93	97	102	98	-1	-1	-1	-1	-1	-1	-1	-1	-1	-1	-1	-1	-1	-1	-1
9356	100	1	111	93	97	102	98	-1	-1	-1	-1	-1	-1	-1	-1	-1	-1	-1	-1	-1	-1	-1
9357	100	1	112	93	97	102	98	-1	-1	-1	-1	-1	-1	-1	-1	-1	-1	-1	-1	-1	-1	-1
9358	100	1	113	93	97	102	98	-1	-1	-1	-1	-1	-1	-1	-1	-1	-1	-1	-1	-1	-1	-1
9359	100	1	114	93	97	102	98	-1	-1	-1	-1	-1	-1	-1	-1	-1	-1	-1	-1	-1	-1	-1
9366	100	1	111	93	97	102	98	-1	-1	-1	-1	-1	-1	-1	-1	-1	-1	-1	-1	-1	-1	-1
9367	100	1	112	93	97	102	98	-1	-1	-1	-1	-1	-1	-1	-1	-1	-1	-1	-1	-1	-1	-1
9368	100	1	113	93	97	102	98	-1	-1	-1	-1	-1	-1	-1	-1	-1	-1	-1	-1	-1	-1	-1
9369	100	1	114	93	97	102	98	-1	-1	-1	-1	-1	-1	-1	-1	-1	-1	-1	-1	-1	-1	-1
9376	100	1	111	93	97	102	98	-1	-1	-1	-1	-1	-1	-1	-1	-1	-1	-1	-1	-1	-1	-1
9377	100	1	112	93	97	102	98	-1	-1	-1	-1	-1	-1	-1	-1	-1	-1	-1	-1	-1	-1	-1
9378	100	1	113	93	97	102	98	-1	-1	-1	-1	-1	-1	-1	-1	-1	-1	-1	-1	-1	-1	-1
9379	100	1	114	93	97	102	98	-1	-1	-1	-1	-1	-1	-1	-1	-1	-1	-1	-1	-1	-1	-1
9386	100	1	111	93	97	102	98	-1	-1	-1	-1	-1	-1	-1	-1	-1	-1	-1	-1	-1	-1	-1
9387	100	1	112	93	97	102	98	-1	-1	-1	-1	-1	-1	-1	-1	-1	-1	-1	-1	-1	-1	-1
9388	100	1	113	93	97	102	98	-1	-1	-1	-1	-1	-1	-1	-1	-1	-1	-1	-1	-1	-1	-1
9389	100	1	114	93	97	102	98	-1	-1	-1	-1	-1	-1	-1	-1	-1	-1	-1	-1	-1	-1	-1
9436	100	1	111	93	97	102	98	-1	-1	-1	-1	-1	-1	-1	-1	-1	-1	-1	-1	-1	-1	-1
9437	100	1	112	93	97	102	98	-1	-1	-1	-1	-1	-1	-1	-1	-1	-1	-1	-1	-1	-1	-1
9438	100	1	113	93	97	102	98	-1	-1	-1	-1	-1	-1	-1	-1	-1	-1	-1	-1	-1	-1	-1
9439	100	1	114	93	97	102	98	-1	-1	-1	-1	-1	-1	-1	-1	-1	-1	-1	-1	-1	-1	-1
#缥缈峰																						
9540	100	1	91	98	97	-1	-1	-1	-1	-1	-1	-1	-1	-1	-1	-1	-1	-1	-1	-1	-1	-1
9541	100	1	91	98	97	-1	-1	-1	-1	-1	-1	-1	-1	-1	-1	-1	-1	-1	-1	-1	-1	-1
9543	100	1	91	98	97	-1	-1	-1	-1	-1	-1	-1	-1	-1	-1	-1	-1	-1	-1	-1	-1	-1
9544	100	1	91	98	97	-1	-1	-1	-1	-1	-1	-1	-1	-1	-1	-1	-1	-1	-1	-1	-1	-1
9545	100	1	91	98	97	-1	-1	-1	-1	-1	-1	-1	-1	-1	-1	-1	-1	-1	-1	-1	-1	-1
9546	100	1	91	98	97	105	104	103	113	-1	-1	-1	-1	-1	-1	-1	-1	-1	-1	-1	-1	-1
9547	100	1	91	98	97	-1	-1	-1	-1	-1	-1	-1	-1	-1	-1	-1	-1	-1	-1	-1	-1	-1
9548	100	1	91	98	97	-1	-1	-1	-1	-1	-1	-1	-1	-1	-1	-1	-1	-1	-1	-1	-1	-1
9549	100	1	91	98	97	-1	-1	-1	-1	-1	-1	-1	-1	-1	-1	-1	-1	-1	-1	-1	-1	-1
9550	100	1	91	98	97	-1	-1	-1	-1	-1	-1	-1	-1	-1	-1	-1	-1	-1	-1	-1	-1	-1
9551	100	1	91	98	97	-1	-1	-1	-1	-1	-1	-1	-1	-1	-1	-1	-1	-1	-1	-1	-1	-1
9638	100	1	91	98	97	-1	-1	-1	-1	-1	-1	-1	-1	-1	-1	-1	-1	-1	-1	-1	-1	-1
9641	100	1	91	98	97	-1	-1	-1	-1	-1	-1	-1	-1	-1	-1	-1	-1	-1	-1	-1	-1	-1
9642	100	1	91	98	97	-1	-1	-1	-1	-1	-1	-1	-1	-1	-1	-1	-1	-1	-1	-1	-1	-1
9643	100	1	91	98	97	-1	-1	-1	-1	-1	-1	-1	-1	-1	-1	-1	-1	-1	-1	-1	-1	-1
9644	100	1	91	98	97	105	104	103	114	-1	-1	-1	-1	-1	-1	-1	-1	-1	-1	-1	-1	-1
9645	100	1	91	98	97	-1	-1	-1	-1	-1	-1	-1	-1	-1	-1	-1	-1	-1	-1	-1	-1	-1
9646	100	1	91	98	97	-1	-1	-1	-1	-1	-1	-1	-1	-1	-1	-1	-1	-1	-1	-1	-1	-1
9647	100	1	91	98	97	-1	-1	-1	-1	-1	-1	-1	-1	-1	-1	-1	-1	-1	-1	-1	-1	-1
9648	100	1	91	98	97	-1	-1	-1	-1	-1	-1	-1	-1	-1	-1	-1	-1	-1	-1	-1	-1	-1
9649	100	1	91	98	97	-1	-1	-1	-1	-1	-1	-1	-1	-1	-1	-1	-1	-1	-1	-1	-1	-1
9660	100	1	91	98	97	-1	-1	-1	-1	-1	-1	-1	-1	-1	-1	-1	-1	-1	-1	-1	-1	-1
9661	100	1	91	98	97	-1	-1	-1	-1	-1	-1	-1	-1	-1	-1	-1	-1	-1	-1	-1	-1	-1
9663	100	1	91	98	97	-1	-1	-1	-1	-1	-1	-1	-1	-1	-1	-1	-1	-1	-1	-1	-1	-1
9664	100	1	91	98	97	-1	-1	-1	-1	-1	-1	-1	-1	-1	-1	-1	-1	-1	-1	-1	-1	-1
9665	100	1	91	98	97	-1	-1	-1	-1	-1	-1	-1	-1	-1	-1	-1	-1	-1	-1	-1	-1	-1
9666	100	1	91	98	97	105	104	103	112	-1	-1	-1	-1	-1	-1	-1	-1	-1	-1	-1	-1	-1
9667	100	1	91	98	97	-1	-1	-1	-1	-1	-1	-1	-1	-1	-1	-1	-1	-1	-1	-1	-1	-1
9668	100	1	91	98	97	-1	-1	-1	-1	-1	-1	-1	-1	-1	-1	-1	-1	-1	-1	-1	-1	-1
9669	100	1	91	98	97	-1	-1	-1	-1	-1	-1	-1	-1	-1	-1	-1	-1	-1	-1	-1	-1	-1
9670	100	1	91	98	97	-1	-1	-1	-1	-1	-1	-1	-1	-1	-1	-1	-1	-1	-1	-1	-1	-1
9671	100	1	91	98	97	-1	-1	-1	-1	-1	-1	-1	-1	-1	-1	-1	-1	-1	-1	-1	-1	-1
#银皑雪原																						
11313	100	1	39	40	41	42	43	44	125	-1	-1	-1	-1	-1	-1	-1	-1	-1	-1	-1	-1	-1
#龙龟																						
11353	100	1	32	33	36	37	38	125	-1	-1	-1	-1	-1	-1	-1	-1	-1	-1	-1	-1	-1	-1
#霜影																						
11392	100	1	52	53	123	124	125	-1	-1	-1	-1	-1	-1	-1	-1	-1	-1	-1	-1	-1	-1	-1
#新三环																						
13020	100	1	100	126	-1	-1	-1	-1	-1	-1	-1	-1	-1	-1	-1	-1	-1	-1	-1	-1	-1	-1
13021	100	1	100	126	-1	-1	-1	-1	-1	-1	-1	-1	-1	-1	-1	-1	-1	-1	-1	-1	-1	-1
13022	100	1	100	126	-1	-1	-1	-1	-1	-1	-1	-1	-1	-1	-1	-1	-1	-1	-1	-1	-1	-1
13023	100	1	100	126	-1	-1	-1	-1	-1	-1	-1	-1	-1	-1	-1	-1	-1	-1	-1	-1	-1	-1
13024	100	1	100	126	-1	-1	-1	-1	-1	-1	-1	-1	-1	-1	-1	-1	-1	-1	-1	-1	-1	-1
13025	100	1	100	126	-1	-1	-1	-1	-1	-1	-1	-1	-1	-1	-1	-1	-1	-1	-1	-1	-1	-1
13026	100	1	100	126	-1	-1	-1	-1	-1	-1	-1	-1	-1	-1	-1	-1	-1	-1	-1	-1	-1	-1
13027	100	1	100	126	-1	-1	-1	-1	-1	-1	-1	-1	-1	-1	-1	-1	-1	-1	-1	-1	-1	-1
13028	100	1	100	126	-1	-1	-1	-1	-1	-1	-1	-1	-1	-1	-1	-1	-1	-1	-1	-1	-1	-1
13029	100	1	100	126	-1	-1	-1	-1	-1	-1	-1	-1	-1	-1	-1	-1	-1	-1	-1	-1	-1	-1
																						
13040	100	1	100	126	-1	-1	-1	-1	-1	-1	-1	-1	-1	-1	-1	-1	-1	-1	-1	-1	-1	-1
13041	100	1	100	126	-1	-1	-1	-1	-1	-1	-1	-1	-1	-1	-1	-1	-1	-1	-1	-1	-1	-1
13042	100	1	100	126	-1	-1	-1	-1	-1	-1	-1	-1	-1	-1	-1	-1	-1	-1	-1	-1	-1	-1
13043	100	1	100	126	-1	-1	-1	-1	-1	-1	-1	-1	-1	-1	-1	-1	-1	-1	-1	-1	-1	-1
13044	100	1	100	126	-1	-1	-1	-1	-1	-1	-1	-1	-1	-1	-1	-1	-1	-1	-1	-1	-1	-1
13045	100	1	100	126	-1	-1	-1	-1	-1	-1	-1	-1	-1	-1	-1	-1	-1	-1	-1	-1	-1	-1
13046	100	1	100	126	-1	-1	-1	-1	-1	-1	-1	-1	-1	-1	-1	-1	-1	-1	-1	-1	-1	-1
13047	100	1	100	126	-1	-1	-1	-1	-1	-1	-1	-1	-1	-1	-1	-1	-1	-1	-1	-1	-1	-1
13048	100	1	100	126	-1	-1	-1	-1	-1	-1	-1	-1	-1	-1	-1	-1	-1	-1	-1	-1	-1	-1
13049	100	1	100	126	-1	-1	-1	-1	-1	-1	-1	-1	-1	-1	-1	-1	-1	-1	-1	-1	-1	-1
																						
13060	100	1	90	98	99	100	101	96	-1	-1	-1	-1	-1	-1	-1	-1	-1	-1	-1	-1	-1	-1
13061	100	1	90	98	99	100	101	96	-1	-1	-1	-1	-1	-1	-1	-1	-1	-1	-1	-1	-1	-1
13062	100	1	90	98	99	100	101	96	-1	-1	-1	-1	-1	-1	-1	-1	-1	-1	-1	-1	-1	-1
13063	100	1	90	98	99	100	101	96	-1	-1	-1	-1	-1	-1	-1	-1	-1	-1	-1	-1	-1	-1
13064	100	1	90	98	99	100	101	96	-1	-1	-1	-1	-1	-1	-1	-1	-1	-1	-1	-1	-1	-1
13065	100	1	90	98	99	100	101	96	-1	-1	-1	-1	-1	-1	-1	-1	-1	-1	-1	-1	-1	-1
13066	100	1	90	98	99	100	101	96	-1	-1	-1	-1	-1	-1	-1	-1	-1	-1	-1	-1	-1	-1
13067	100	1	90	98	99	100	101	96	-1	-1	-1	-1	-1	-1	-1	-1	-1	-1	-1	-1	-1	-1
13068	100	1	90	98	99	100	101	96	-1	-1	-1	-1	-1	-1	-1	-1	-1	-1	-1	-1	-1	-1
13069	100	1	90	98	99	100	101	96	-1	-1	-1	-1	-1	-1	-1	-1	-1	-1	-1	-1	-1	-1
																						
13120	100	1	100	126	-1	-1	-1	-1	-1	-1	-1	-1	-1	-1	-1	-1	-1	-1	-1	-1	-1	-1
13121	100	1	100	126	-1	-1	-1	-1	-1	-1	-1	-1	-1	-1	-1	-1	-1	-1	-1	-1	-1	-1
13122	100	1	100	126	-1	-1	-1	-1	-1	-1	-1	-1	-1	-1	-1	-1	-1	-1	-1	-1	-1	-1
13123	100	1	100	126	-1	-1	-1	-1	-1	-1	-1	-1	-1	-1	-1	-1	-1	-1	-1	-1	-1	-1
13124	100	1	100	126	-1	-1	-1	-1	-1	-1	-1	-1	-1	-1	-1	-1	-1	-1	-1	-1	-1	-1
13125	100	1	100	126	-1	-1	-1	-1	-1	-1	-1	-1	-1	-1	-1	-1	-1	-1	-1	-1	-1	-1
13126	100	1	100	126	-1	-1	-1	-1	-1	-1	-1	-1	-1	-1	-1	-1	-1	-1	-1	-1	-1	-1
13127	100	1	100	126	-1	-1	-1	-1	-1	-1	-1	-1	-1	-1	-1	-1	-1	-1	-1	-1	-1	-1
13128	100	1	100	126	-1	-1	-1	-1	-1	-1	-1	-1	-1	-1	-1	-1	-1	-1	-1	-1	-1	-1
13129	100	1	100	126	-1	-1	-1	-1	-1	-1	-1	-1	-1	-1	-1	-1	-1	-1	-1	-1	-1	-1
																						
13140	100	1	100	126	-1	-1	-1	-1	-1	-1	-1	-1	-1	-1	-1	-1	-1	-1	-1	-1	-1	-1
13141	100	1	100	126	-1	-1	-1	-1	-1	-1	-1	-1	-1	-1	-1	-1	-1	-1	-1	-1	-1	-1
13142	100	1	100	126	-1	-1	-1	-1	-1	-1	-1	-1	-1	-1	-1	-1	-1	-1	-1	-1	-1	-1
13143	100	1	100	126	-1	-1	-1	-1	-1	-1	-1	-1	-1	-1	-1	-1	-1	-1	-1	-1	-1	-1
13144	100	1	100	126	-1	-1	-1	-1	-1	-1	-1	-1	-1	-1	-1	-1	-1	-1	-1	-1	-1	-1
13145	100	1	100	126	-1	-1	-1	-1	-1	-1	-1	-1	-1	-1	-1	-1	-1	-1	-1	-1	-1	-1
13146	100	1	100	126	-1	-1	-1	-1	-1	-1	-1	-1	-1	-1	-1	-1	-1	-1	-1	-1	-1	-1
13147	100	1	100	126	-1	-1	-1	-1	-1	-1	-1	-1	-1	-1	-1	-1	-1	-1	-1	-1	-1	-1
13148	100	1	100	126	-1	-1	-1	-1	-1	-1	-1	-1	-1	-1	-1	-1	-1	-1	-1	-1	-1	-1
13149	100	1	100	126	-1	-1	-1	-1	-1	-1	-1	-1	-1	-1	-1	-1	-1	-1	-1	-1	-1	-1
																						
13160	100	1	100	126	-1	-1	-1	-1	-1	-1	-1	-1	-1	-1	-1	-1	-1	-1	-1	-1	-1	-1
13161	100	1	100	126	-1	-1	-1	-1	-1	-1	-1	-1	-1	-1	-1	-1	-1	-1	-1	-1	-1	-1
13162	100	1	100	126	-1	-1	-1	-1	-1	-1	-1	-1	-1	-1	-1	-1	-1	-1	-1	-1	-1	-1
13163	100	1	100	126	-1	-1	-1	-1	-1	-1	-1	-1	-1	-1	-1	-1	-1	-1	-1	-1	-1	-1
13164	100	1	100	126	-1	-1	-1	-1	-1	-1	-1	-1	-1	-1	-1	-1	-1	-1	-1	-1	-1	-1
13165	100	1	100	126	-1	-1	-1	-1	-1	-1	-1	-1	-1	-1	-1	-1	-1	-1	-1	-1	-1	-1
13166	100	1	100	126	-1	-1	-1	-1	-1	-1	-1	-1	-1	-1	-1	-1	-1	-1	-1	-1	-1	-1
13167	100	1	100	126	-1	-1	-1	-1	-1	-1	-1	-1	-1	-1	-1	-1	-1	-1	-1	-1	-1	-1
13168	100	1	100	126	-1	-1	-1	-1	-1	-1	-1	-1	-1	-1	-1	-1	-1	-1	-1	-1	-1	-1
13169	100	1	100	126	-1	-1	-1	-1	-1	-1	-1	-1	-1	-1	-1	-1	-1	-1	-1	-1	-1	-1
																						
13180	100	1	100	126	-1	-1	-1	-1	-1	-1	-1	-1	-1	-1	-1	-1	-1	-1	-1	-1	-1	-1
13181	100	1	100	126	-1	-1	-1	-1	-1	-1	-1	-1	-1	-1	-1	-1	-1	-1	-1	-1	-1	-1
13182	100	1	100	126	-1	-1	-1	-1	-1	-1	-1	-1	-1	-1	-1	-1	-1	-1	-1	-1	-1	-1
13183	100	1	100	126	-1	-1	-1	-1	-1	-1	-1	-1	-1	-1	-1	-1	-1	-1	-1	-1	-1	-1
13184	100	1	100	126	-1	-1	-1	-1	-1	-1	-1	-1	-1	-1	-1	-1	-1	-1	-1	-1	-1	-1
13185	100	1	100	126	-1	-1	-1	-1	-1	-1	-1	-1	-1	-1	-1	-1	-1	-1	-1	-1	-1	-1
13186	100	1	100	126	-1	-1	-1	-1	-1	-1	-1	-1	-1	-1	-1	-1	-1	-1	-1	-1	-1	-1
13187	100	1	100	126	-1	-1	-1	-1	-1	-1	-1	-1	-1	-1	-1	-1	-1	-1	-1	-1	-1	-1
13188	100	1	100	126	-1	-1	-1	-1	-1	-1	-1	-1	-1	-1	-1	-1	-1	-1	-1	-1	-1	-1
13189	100	1	100	126	-1	-1	-1	-1	-1	-1	-1	-1	-1	-1	-1	-1	-1	-1	-1	-1	-1	-1
																						
13200	100	1	100	126	-1	-1	-1	-1	-1	-1	-1	-1	-1	-1	-1	-1	-1	-1	-1	-1	-1	-1
13201	100	1	100	126	-1	-1	-1	-1	-1	-1	-1	-1	-1	-1	-1	-1	-1	-1	-1	-1	-1	-1
13202	100	1	100	126	-1	-1	-1	-1	-1	-1	-1	-1	-1	-1	-1	-1	-1	-1	-1	-1	-1	-1
13203	100	1	100	126	-1	-1	-1	-1	-1	-1	-1	-1	-1	-1	-1	-1	-1	-1	-1	-1	-1	-1
13204	100	1	100	126	-1	-1	-1	-1	-1	-1	-1	-1	-1	-1	-1	-1	-1	-1	-1	-1	-1	-1
13205	100	1	100	126	-1	-1	-1	-1	-1	-1	-1	-1	-1	-1	-1	-1	-1	-1	-1	-1	-1	-1
13206	100	1	100	126	-1	-1	-1	-1	-1	-1	-1	-1	-1	-1	-1	-1	-1	-1	-1	-1	-1	-1
13207	100	1	100	126	-1	-1	-1	-1	-1	-1	-1	-1	-1	-1	-1	-1	-1	-1	-1	-1	-1	-1
13208	100	1	100	126	-1	-1	-1	-1	-1	-1	-1	-1	-1	-1	-1	-1	-1	-1	-1	-1	-1	-1
13209	100	1	100	126	-1	-1	-1	-1	-1	-1	-1	-1	-1	-1	-1	-1	-1	-1	-1	-1	-1	-1
																						
13220	100	1	98	99	100	101	96	90	-1	-1	-1	-1	-1	-1	-1	-1	-1	-1	-1	-1	-1	-1
13221	100	1	98	99	100	101	96	90	-1	-1	-1	-1	-1	-1	-1	-1	-1	-1	-1	-1	-1	-1
13222	100	1	98	99	100	101	96	90	-1	-1	-1	-1	-1	-1	-1	-1	-1	-1	-1	-1	-1	-1
13223	100	1	98	99	100	101	96	90	-1	-1	-1	-1	-1	-1	-1	-1	-1	-1	-1	-1	-1	-1
13224	100	1	98	99	100	101	96	90	-1	-1	-1	-1	-1	-1	-1	-1	-1	-1	-1	-1	-1	-1
13225	100	1	98	99	100	101	96	90	-1	-1	-1	-1	-1	-1	-1	-1	-1	-1	-1	-1	-1	-1
13226	100	1	98	99	100	101	96	90	-1	-1	-1	-1	-1	-1	-1	-1	-1	-1	-1	-1	-1	-1
13227	100	1	98	99	100	101	96	90	-1	-1	-1	-1	-1	-1	-1	-1	-1	-1	-1	-1	-1	-1
13228	100	1	98	99	100	101	96	90	-1	-1	-1	-1	-1	-1	-1	-1	-1	-1	-1	-1	-1	-1
13229	100	1	98	99	100	101	96	90	-1	-1	-1	-1	-1	-1	-1	-1	-1	-1	-1	-1	-1	-1
																						
13260	100	1	91	96	98	99	100	101	111	-1	-1	-1	-1	-1	-1	-1	-1	-1	-1	-1	-1	-1
13261	100	1	91	96	98	99	100	101	112	-1	-1	-1	-1	-1	-1	-1	-1	-1	-1	-1	-1	-1
13262	100	1	91	96	98	99	100	101	112	-1	-1	-1	-1	-1	-1	-1	-1	-1	-1	-1	-1	-1
13263	100	1	91	96	98	99	100	101	113	-1	-1	-1	-1	-1	-1	-1	-1	-1	-1	-1	-1	-1
13264	100	1	91	96	98	99	100	101	113	-1	-1	-1	-1	-1	-1	-1	-1	-1	-1	-1	-1	-1
13265	100	1	91	96	98	99	100	101	114	-1	-1	-1	-1	-1	-1	-1	-1	-1	-1	-1	-1	-1
13266	100	1	91	96	98	99	100	101	114	-1	-1	-1	-1	-1	-1	-1	-1	-1	-1	-1	-1	-1
13267	100	1	91	96	98	99	100	101	114	-1	-1	-1	-1	-1	-1	-1	-1	-1	-1	-1	-1	-1
13268	100	1	91	96	98	99	100	101	114	-1	-1	-1	-1	-1	-1	-1	-1	-1	-1	-1	-1	-1
13269	100	1	91	96	98	99	100	101	114	-1	-1	-1	-1	-1	-1	-1	-1	-1	-1	-1	-1	-1
#十二煞星																						
13430	100	1	96	107	89	98	125	-1	-1	-1	-1	-1	-1	-1	-1	-1	-1	-1	-1	-1	-1	-1
13431	100	1	96	107	89	98	125	-1	-1	-1	-1	-1	-1	-1	-1	-1	-1	-1	-1	-1	-1	-1
13432	100	1	96	107	89	98	125	-1	-1	-1	-1	-1	-1	-1	-1	-1	-1	-1	-1	-1	-1	-1
13433	100	1	96	107	89	98	125	-1	-1	-1	-1	-1	-1	-1	-1	-1	-1	-1	-1	-1	-1	-1
13434	100	1	96	107	89	98	125	-1	-1	-1	-1	-1	-1	-1	-1	-1	-1	-1	-1	-1	-1	-1
13435	100	1	96	107	89	98	125	-1	-1	-1	-1	-1	-1	-1	-1	-1	-1	-1	-1	-1	-1	-1
13436	100	1	96	107	89	98	125	-1	-1	-1	-1	-1	-1	-1	-1	-1	-1	-1	-1	-1	-1	-1
13437	100	1	96	107	89	98	125	-1	-1	-1	-1	-1	-1	-1	-1	-1	-1	-1	-1	-1	-1	-1
13438	100	1	96	107	89	98	125	-1	-1	-1	-1	-1	-1	-1	-1	-1	-1	-1	-1	-1	-1	-1
13439	100	1	96	107	89	98	125	-1	-1	-1	-1	-1	-1	-1	-1	-1	-1	-1	-1	-1	-1	-1
13440	100	1	96	107	89	98	125	-1	-1	-1	-1	-1	-1	-1	-1	-1	-1	-1	-1	-1	-1	-1
13441	100	1	96	107	89	98	125	-1	-1	-1	-1	-1	-1	-1	-1	-1	-1	-1	-1	-1	-1	-1
13442	100	1	96	107	89	98	125	-1	-1	-1	-1	-1	-1	-1	-1	-1	-1	-1	-1	-1	-1	-1
13443	100	1	96	107	89	98	125	-1	-1	-1	-1	-1	-1	-1	-1	-1	-1	-1	-1	-1	-1	-1
13444	100	1	96	107	89	98	125	-1	-1	-1	-1	-1	-1	-1	-1	-1	-1	-1	-1	-1	-1	-1
13445	100	1	96	107	89	98	125	-1	-1	-1	-1	-1	-1	-1	-1	-1	-1	-1	-1	-1	-1	-1
13446	100	1	96	107	89	98	125	-1	-1	-1	-1	-1	-1	-1	-1	-1	-1	-1	-1	-1	-1	-1
13447	100	1	96	107	89	98	125	-1	-1	-1	-1	-1	-1	-1	-1	-1	-1	-1	-1	-1	-1	-1
13448	100	1	96	107	89	98	125	-1	-1	-1	-1	-1	-1	-1	-1	-1	-1	-1	-1	-1	-1	-1
13449	100	1	96	107	89	98	125	-1	-1	-1	-1	-1	-1	-1	-1	-1	-1	-1	-1	-1	-1	-1
13450	100	1	96	107	89	98	125	-1	-1	-1	-1	-1	-1	-1	-1	-1	-1	-1	-1	-1	-1	-1
13451	100	1	96	107	89	98	125	-1	-1	-1	-1	-1	-1	-1	-1	-1	-1	-1	-1	-1	-1	-1
13452	100	1	96	107	89	98	125	-1	-1	-1	-1	-1	-1	-1	-1	-1	-1	-1	-1	-1	-1	-1
13453	100	1	96	107	89	98	125	-1	-1	-1	-1	-1	-1	-1	-1	-1	-1	-1	-1	-1	-1	-1
13454	100	1	96	107	89	98	125	-1	-1	-1	-1	-1	-1	-1	-1	-1	-1	-1	-1	-1	-1	-1
13455	100	1	96	107	89	98	125	-1	-1	-1	-1	-1	-1	-1	-1	-1	-1	-1	-1	-1	-1	-1
13456	100	1	96	107	89	98	125	-1	-1	-1	-1	-1	-1	-1	-1	-1	-1	-1	-1	-1	-1	-1
13457	100	1	96	107	89	98	125	-1	-1	-1	-1	-1	-1	-1	-1	-1	-1	-1	-1	-1	-1	-1
13458	100	1	96	107	89	98	125	-1	-1	-1	-1	-1	-1	-1	-1	-1	-1	-1	-1	-1	-1	-1
13459	100	1	96	107	89	98	125	-1	-1	-1	-1	-1	-1	-1	-1	-1	-1	-1	-1	-1	-1	-1
13460	100	1	96	107	89	98	125	-1	-1	-1	-1	-1	-1	-1	-1	-1	-1	-1	-1	-1	-1	-1
13461	100	1	96	107	89	98	125	-1	-1	-1	-1	-1	-1	-1	-1	-1	-1	-1	-1	-1	-1	-1
13462	100	1	96	107	89	98	125	-1	-1	-1	-1	-1	-1	-1	-1	-1	-1	-1	-1	-1	-1	-1
13463	100	1	96	107	89	98	125	-1	-1	-1	-1	-1	-1	-1	-1	-1	-1	-1	-1	-1	-1	-1
13464	100	1	96	107	89	98	125	-1	-1	-1	-1	-1	-1	-1	-1	-1	-1	-1	-1	-1	-1	-1
13465	100	1	96	107	89	98	125	-1	-1	-1	-1	-1	-1	-1	-1	-1	-1	-1	-1	-1	-1	-1
13466	100	1	96	107	89	98	125	-1	-1	-1	-1	-1	-1	-1	-1	-1	-1	-1	-1	-1	-1	-1
13467	100	1	96	107	89	98	125	-1	-1	-1	-1	-1	-1	-1	-1	-1	-1	-1	-1	-1	-1	-1
13468	100	1	96	107	89	98	125	-1	-1	-1	-1	-1	-1	-1	-1	-1	-1	-1	-1	-1	-1	-1
13469	100	1	96	107	89	98	125	-1	-1	-1	-1	-1	-1	-1	-1	-1	-1	-1	-1	-1	-1	-1
13470	100	1	96	107	89	98	125	-1	-1	-1	-1	-1	-1	-1	-1	-1	-1	-1	-1	-1	-1	-1
13471	100	1	96	107	89	98	125	-1	-1	-1	-1	-1	-1	-1	-1	-1	-1	-1	-1	-1	-1	-1
13472	100	1	96	107	89	98	125	-1	-1	-1	-1	-1	-1	-1	-1	-1	-1	-1	-1	-1	-1	-1
13473	100	1	96	107	89	98	125	-1	-1	-1	-1	-1	-1	-1	-1	-1	-1	-1	-1	-1	-1	-1
13474	100	1	96	107	89	98	125	-1	-1	-1	-1	-1	-1	-1	-1	-1	-1	-1	-1	-1	-1	-1
13475	100	1	96	107	89	98	125	-1	-1	-1	-1	-1	-1	-1	-1	-1	-1	-1	-1	-1	-1	-1
13476	100	1	96	107	89	98	125	-1	-1	-1	-1	-1	-1	-1	-1	-1	-1	-1	-1	-1	-1	-1
13477	100	1	96	107	89	98	125	-1	-1	-1	-1	-1	-1	-1	-1	-1	-1	-1	-1	-1	-1	-1
13478	100	1	96	107	89	98	125	-1	-1	-1	-1	-1	-1	-1	-1	-1	-1	-1	-1	-1	-1	-1
13479	100	1	96	107	89	98	125	-1	-1	-1	-1	-1	-1	-1	-1	-1	-1	-1	-1	-1	-1	-1
13480	100	1	96	107	89	98	125	-1	-1	-1	-1	-1	-1	-1	-1	-1	-1	-1	-1	-1	-1	-1
13481	100	1	96	107	89	98	125	-1	-1	-1	-1	-1	-1	-1	-1	-1	-1	-1	-1	-1	-1	-1
13482	100	1	96	107	89	98	125	-1	-1	-1	-1	-1	-1	-1	-1	-1	-1	-1	-1	-1	-1	-1
13483	100	1	96	107	89	98	125	-1	-1	-1	-1	-1	-1	-1	-1	-1	-1	-1	-1	-1	-1	-1
13484	100	1	96	107	89	98	125	-1	-1	-1	-1	-1	-1	-1	-1	-1	-1	-1	-1	-1	-1	-1
13485	100	1	96	107	89	98	125	-1	-1	-1	-1	-1	-1	-1	-1	-1	-1	-1	-1	-1	-1	-1
13486	100	1	96	107	89	98	125	-1	-1	-1	-1	-1	-1	-1	-1	-1	-1	-1	-1	-1	-1	-1
13487	100	1	96	107	89	98	125	-1	-1	-1	-1	-1	-1	-1	-1	-1	-1	-1	-1	-1	-1	-1
13488	100	1	96	107	89	98	125	-1	-1	-1	-1	-1	-1	-1	-1	-1	-1	-1	-1	-1	-1	-1
13489	100	1	96	107	89	98	125	-1	-1	-1	-1	-1	-1	-1	-1	-1	-1	-1	-1	-1	-1	-1
13490	100	1	96	107	89	98	125	-1	-1	-1	-1	-1	-1	-1	-1	-1	-1	-1	-1	-1	-1	-1
13491	100	1	96	107	89	98	125	-1	-1	-1	-1	-1	-1	-1	-1	-1	-1	-1	-1	-1	-1	-1
13492	100	1	96	107	89	98	125	-1	-1	-1	-1	-1	-1	-1	-1	-1	-1	-1	-1	-1	-1	-1
13493	100	1	96	107	89	98	125	-1	-1	-1	-1	-1	-1	-1	-1	-1	-1	-1	-1	-1	-1	-1
13494	100	1	96	107	89	98	125	-1	-1	-1	-1	-1	-1	-1	-1	-1	-1	-1	-1	-1	-1	-1
13495	100	1	96	107	89	98	125	-1	-1	-1	-1	-1	-1	-1	-1	-1	-1	-1	-1	-1	-1	-1
13496	100	1	96	107	89	98	125	-1	-1	-1	-1	-1	-1	-1	-1	-1	-1	-1	-1	-1	-1	-1
13497	100	1	96	107	89	98	125	-1	-1	-1	-1	-1	-1	-1	-1	-1	-1	-1	-1	-1	-1	-1
13498	100	1	96	107	89	98	125	-1	-1	-1	-1	-1	-1	-1	-1	-1	-1	-1	-1	-1	-1	-1
13499	100	1	96	107	89	98	125	-1	-1	-1	-1	-1	-1	-1	-1	-1	-1	-1	-1	-1	-1	-1
13500	100	1	96	107	89	98	125	-1	-1	-1	-1	-1	-1	-1	-1	-1	-1	-1	-1	-1	-1	-1
13501	100	1	96	107	89	98	125	-1	-1	-1	-1	-1	-1	-1	-1	-1	-1	-1	-1	-1	-1	-1
13502	100	1	96	107	89	98	125	-1	-1	-1	-1	-1	-1	-1	-1	-1	-1	-1	-1	-1	-1	-1
13503	100	1	96	107	89	98	125	-1	-1	-1	-1	-1	-1	-1	-1	-1	-1	-1	-1	-1	-1	-1
13504	100	1	96	107	89	98	125	-1	-1	-1	-1	-1	-1	-1	-1	-1	-1	-1	-1	-1	-1	-1
13505	100	1	96	107	89	98	125	-1	-1	-1	-1	-1	-1	-1	-1	-1	-1	-1	-1	-1	-1	-1
13506	100	1	96	107	89	98	125	-1	-1	-1	-1	-1	-1	-1	-1	-1	-1	-1	-1	-1	-1	-1
13507	100	1	96	107	89	98	125	-1	-1	-1	-1	-1	-1	-1	-1	-1	-1	-1	-1	-1	-1	-1
13508	100	1	96	107	89	98	125	-1	-1	-1	-1	-1	-1	-1	-1	-1	-1	-1	-1	-1	-1	-1
13509	100	1	96	107	89	98	125	-1	-1	-1	-1	-1	-1	-1	-1	-1	-1	-1	-1	-1	-1	-1
13510	100	1	96	107	89	98	125	-1	-1	-1	-1	-1	-1	-1	-1	-1	-1	-1	-1	-1	-1	-1
13511	100	1	96	107	89	98	125	-1	-1	-1	-1	-1	-1	-1	-1	-1	-1	-1	-1	-1	-1	-1
13512	100	1	96	107	89	98	125	-1	-1	-1	-1	-1	-1	-1	-1	-1	-1	-1	-1	-1	-1	-1
13513	100	1	96	107	89	98	125	-1	-1	-1	-1	-1	-1	-1	-1	-1	-1	-1	-1	-1	-1	-1
13514	100	1	96	107	89	98	125	-1	-1	-1	-1	-1	-1	-1	-1	-1	-1	-1	-1	-1	-1	-1
13515	100	1	96	107	89	98	125	-1	-1	-1	-1	-1	-1	-1	-1	-1	-1	-1	-1	-1	-1	-1
13516	100	1	96	107	89	98	125	-1	-1	-1	-1	-1	-1	-1	-1	-1	-1	-1	-1	-1	-1	-1
13517	100	1	96	107	89	98	125	-1	-1	-1	-1	-1	-1	-1	-1	-1	-1	-1	-1	-1	-1	-1
13518	100	1	96	107	89	98	125	-1	-1	-1	-1	-1	-1	-1	-1	-1	-1	-1	-1	-1	-1	-1
13519	100	1	96	107	89	98	125	-1	-1	-1	-1	-1	-1	-1	-1	-1	-1	-1	-1	-1	-1	-1
13520	100	1	96	107	89	98	125	-1	-1	-1	-1	-1	-1	-1	-1	-1	-1	-1	-1	-1	-1	-1
13521	100	1	96	107	89	98	125	-1	-1	-1	-1	-1	-1	-1	-1	-1	-1	-1	-1	-1	-1	-1
13522	100	1	96	107	89	98	125	-1	-1	-1	-1	-1	-1	-1	-1	-1	-1	-1	-1	-1	-1	-1
13523	100	1	96	107	89	98	125	-1	-1	-1	-1	-1	-1	-1	-1	-1	-1	-1	-1	-1	-1	-1
13524	100	1	96	107	89	98	125	-1	-1	-1	-1	-1	-1	-1	-1	-1	-1	-1	-1	-1	-1	-1
13525	100	1	96	107	89	98	125	-1	-1	-1	-1	-1	-1	-1	-1	-1	-1	-1	-1	-1	-1	-1
13526	100	1	96	107	89	98	125	-1	-1	-1	-1	-1	-1	-1	-1	-1	-1	-1	-1	-1	-1	-1
13527	100	1	96	107	89	98	125	-1	-1	-1	-1	-1	-1	-1	-1	-1	-1	-1	-1	-1	-1	-1
13528	100	1	96	107	89	98	125	-1	-1	-1	-1	-1	-1	-1	-1	-1	-1	-1	-1	-1	-1	-1
13529	100	1	96	107	89	98	125	-1	-1	-1	-1	-1	-1	-1	-1	-1	-1	-1	-1	-1	-1	-1
13530	100	1	96	107	89	98	125	-1	-1	-1	-1	-1	-1	-1	-1	-1	-1	-1	-1	-1	-1	-1
13531	100	1	96	107	89	98	125	-1	-1	-1	-1	-1	-1	-1	-1	-1	-1	-1	-1	-1	-1	-1
13532	100	1	96	107	89	98	125	-1	-1	-1	-1	-1	-1	-1	-1	-1	-1	-1	-1	-1	-1	-1
13533	100	1	96	107	89	98	125	-1	-1	-1	-1	-1	-1	-1	-1	-1	-1	-1	-1	-1	-1	-1
13534	100	1	96	107	89	98	125	-1	-1	-1	-1	-1	-1	-1	-1	-1	-1	-1	-1	-1	-1	-1
13535	100	1	96	107	89	98	125	-1	-1	-1	-1	-1	-1	-1	-1	-1	-1	-1	-1	-1	-1	-1
13536	100	1	96	107	89	98	125	-1	-1	-1	-1	-1	-1	-1	-1	-1	-1	-1	-1	-1	-1	-1
13537	100	1	96	107	89	98	125	-1	-1	-1	-1	-1	-1	-1	-1	-1	-1	-1	-1	-1	-1	-1
#棋魂																						
31850	100	1	92	97	105	106	98	-1	-1	-1	-1	-1	-1	-1	-1	-1	-1	-1	-1	-1	-1	-1
31851	100	1	92	97	105	106	98	-1	-1	-1	-1	-1	-1	-1	-1	-1	-1	-1	-1	-1	-1	-1
31852	100	1	92	97	105	106	98	-1	-1	-1	-1	-1	-1	-1	-1	-1	-1	-1	-1	-1	-1	-1
31853	100	1	92	97	105	106	98	-1	-1	-1	-1	-1	-1	-1	-1	-1	-1	-1	-1	-1	-1	-1
31854	100	1	92	97	105	106	98	-1	-1	-1	-1	-1	-1	-1	-1	-1	-1	-1	-1	-1	-1	-1
31855	100	1	92	97	105	106	98	-1	-1	-1	-1	-1	-1	-1	-1	-1	-1	-1	-1	-1	-1	-1
31856	100	1	92	97	105	106	98	-1	-1	-1	-1	-1	-1	-1	-1	-1	-1	-1	-1	-1	-1	-1
31857	100	1	92	97	105	106	98	-1	-1	-1	-1	-1	-1	-1	-1	-1	-1	-1	-1	-1	-1	-1
31858	100	1	92	97	105	106	98	-1	-1	-1	-1	-1	-1	-1	-1	-1	-1	-1	-1	-1	-1	-1
31859	100	1	92	97	105	106	98	-1	-1	-1	-1	-1	-1	-1	-1	-1	-1	-1	-1	-1	-1	-1
#蹴鞠																						
33720	100	1	93	97	98	105	114	-1	-1	-1	-1	-1	-1	-1	-1	-1	-1	-1	-1	-1	-1	-1
33721	100	1	93	97	98	105	114	-1	-1	-1	-1	-1	-1	-1	-1	-1	-1	-1	-1	-1	-1	-1
33722	100	1	93	97	98	105	114	-1	-1	-1	-1	-1	-1	-1	-1	-1	-1	-1	-1	-1	-1	-1
33723	100	1	93	97	98	105	114	-1	-1	-1	-1	-1	-1	-1	-1	-1	-1	-1	-1	-1	-1	-1
33724	100	1	93	97	98	105	114	-1	-1	-1	-1	-1	-1	-1	-1	-1	-1	-1	-1	-1	-1	-1
33725	100	1	93	97	98	105	114	-1	-1	-1	-1	-1	-1	-1	-1	-1	-1	-1	-1	-1	-1	-1
33726	100	1	93	97	98	105	114	-1	-1	-1	-1	-1	-1	-1	-1	-1	-1	-1	-1	-1	-1	-1
33727	100	1	93	97	98	105	114	-1	-1	-1	-1	-1	-1	-1	-1	-1	-1	-1	-1	-1	-1	-1
33728	100	1	93	97	98	105	114	-1	-1	-1	-1	-1	-1	-1	-1	-1	-1	-1	-1	-1	-1	-1
33729	100	1	93	97	98	105	114	-1	-1	-1	-1	-1	-1	-1	-1	-1	-1	-1	-1	-1	-1	-1
#世界BOSS																						
55028	100	1	115	116	117	118	119	120	121	122	125	-1	-1	-1	-1	-1	-1	-1	-1	-1	-1	-1
#头目BOSS																						
55030	100	1	71	66	78	79	80	81	125	-1	-1	-1	-1	-1	-1	-1	-1	-1	-1	-1	-1	-1
55031	100	1	72	66	78	79	80	81	125	-1	-1	-1	-1	-1	-1	-1	-1	-1	-1	-1	-1	-1
55032	100	1	73	67	78	79	80	81	125	-1	-1	-1	-1	-1	-1	-1	-1	-1	-1	-1	-1	-1
55033	100	1	73	67	78	79	80	81	125	-1	-1	-1	-1	-1	-1	-1	-1	-1	-1	-1	-1	-1
55034	100	1	74	68	78	79	80	81	125	-1	-1	-1	-1	-1	-1	-1	-1	-1	-1	-1	-1	-1
55035	100	1	74	68	78	79	80	81	125	-1	-1	-1	-1	-1	-1	-1	-1	-1	-1	-1	-1	-1
55036	100	1	75	69	78	79	80	81	125	-1	-1	-1	-1	-1	-1	-1	-1	-1	-1	-1	-1	-1
55037	100	1	75	69	78	79	80	81	125	-1	-1	-1	-1	-1	-1	-1	-1	-1	-1	-1	-1	-1
55038	100	1	76	70	82	83	84	85	86	87	125	-1	-1	-1	-1	-1	-1	-1	-1	-1	-1	-1
55039	100	1	77	70	82	83	84	85	86	88	125	-1	-1	-1	-1	-1	-1	-1	-1	-1	-1	-1
