INT	INT	INT	STRING	INT	INT	INT
Index	有效期(小时)	传输颜色	附加属性描述$1$	是否显示	元宝交易类型:0可元宝交易，1不可元宝交易，2即可元宝交易也可金币交易	卖店是否获得交子，1获得交子，0获得金币
						
10200016	-1	-1	-1		2	0
10200017	-1	-1	-1		2	0
10200018	-1	-1	-1		2	0
10200019	-1	-1	-1		2	0
10200020	-1	-1	-1		2	0
10201016	-1	-1	-1		2	0
10201017	-1	-1	-1		2	0
10201018	-1	-1	-1		2	0
10201019	-1	-1	-1		2	0
10201020	-1	-1	-1		2	0
10202016	-1	-1	-1		2	0
10202017	-1	-1	-1		2	0
10202018	-1	-1	-1		2	0
10202019	-1	-1	-1		2	0
10202020	-1	-1	-1		2	0
10203016	-1	-1	-1		2	0
10203017	-1	-1	-1		2	0
10203018	-1	-1	-1		2	0
10203019	-1	-1	-1		2	0
10203020	-1	-1	-1		2	0
10204016	-1	-1	-1		2	0
10204017	-1	-1	-1		2	0
10204018	-1	-1	-1		2	0
10204019	-1	-1	-1		2	0
10204020	-1	-1	-1		2	0
10205016	-1	-1	-1		2	0
10205017	-1	-1	-1		2	0
10205018	-1	-1	-1		2	0
10205019	-1	-1	-1		2	0
10205020	-1	-1	-1		2	0
10210014	-1	-1	-1		2	0
10210016	-1	-1	-1		2	0
10210018	-1	-1	-1		2	0
10210020	-1	-1	-1		2	0
10210034	-1	-1	-1		2	0
10210036	-1	-1	-1		2	0
10210038	-1	-1	-1		2	0
10210040	-1	-1	-1		2	0
10210054	-1	-1	-1		2	0
10210056	-1	-1	-1		2	0
10210058	-1	-1	-1		2	0
10210060	-1	-1	-1		2	0
10211014	-1	-1	-1		2	0
10211016	-1	-1	-1		2	0
10211018	-1	-1	-1		2	0
10211020	-1	-1	-1		2	0
10211034	-1	-1	-1		2	0
10211036	-1	-1	-1		2	0
10211038	-1	-1	-1		2	0
10211040	-1	-1	-1		2	0
10211054	-1	-1	-1		2	0
10211056	-1	-1	-1		2	0
10211058	-1	-1	-1		2	0
10211060	-1	-1	-1		2	0
10212014	-1	-1	-1		2	0
10212016	-1	-1	-1		2	0
10212018	-1	-1	-1		2	0
10212020	-1	-1	-1		2	0
10212034	-1	-1	-1		2	0
10212036	-1	-1	-1		2	0
10212038	-1	-1	-1		2	0
10212040	-1	-1	-1		2	0
10212054	-1	-1	-1		2	0
10212056	-1	-1	-1		2	0
10212058	-1	-1	-1		2	0
10212060	-1	-1	-1		2	0
10213014	-1	-1	-1		2	0
10213016	-1	-1	-1		2	0
10213018	-1	-1	-1		2	0
10213020	-1	-1	-1		2	0
10213034	-1	-1	-1		2	0
10213036	-1	-1	-1		2	0
10213038	-1	-1	-1		2	0
10213040	-1	-1	-1		2	0
10213054	-1	-1	-1		2	0
10213056	-1	-1	-1		2	0
10213058	-1	-1	-1		2	0
10213060	-1	-1	-1		2	0
10214014	-1	-1	-1		2	0
10214016	-1	-1	-1		2	0
10214018	-1	-1	-1		2	0
10214020	-1	-1	-1		2	0
10215014	-1	-1	-1		2	0
10215016	-1	-1	-1		2	0
10215018	-1	-1	-1		2	0
10215020	-1	-1	-1		2	0
10220017	-1	-1	-1		2	0
10220018	-1	-1	-1		2	0
10220019	-1	-1	-1		2	0
10220020	-1	-1	-1		2	0
10221017	-1	-1	-1		2	0
10221018	-1	-1	-1		2	0
10221019	-1	-1	-1		2	0
10221020	-1	-1	-1		2	0
10222017	-1	-1	-1		2	0
10222018	-1	-1	-1		2	0
10222019	-1	-1	-1		2	0
10222020	-1	-1	-1		2	0
10222031	-1	-1	-1		2	0
10222032	-1	-1	-1		2	0
10222033	-1	-1	-1		2	0
10222034	-1	-1	-1		2	0
10222035	-1	-1	-1		2	0
10222036	-1	-1	-1		2	0
10223017	-1	-1	-1		2	0
10223018	-1	-1	-1		2	0
10223019	-1	-1	-1		2	0
10223020	-1	-1	-1		2	0
10223031	-1	-1	-1		2	0
10223032	-1	-1	-1		2	0
10223033	-1	-1	-1		2	0
10223034	-1	-1	-1		2	0
10223035	-1	-1	-1		2	0
10223036	-1	-1	-1		2	0
10310001	-1	-1	#c00ff00装备：击中敌人後有一定机率触发“奋力”		2	0
10310002	-1	-1	#c00ff00装备：击中敌人後有一定机率触发“奋力”		2	0
10310003	-1	-1	#c00ff00装备：击中敌人後有一定机率触发“奋力”		2	0
10310004	-1	-1	#c00ff00装备：击中敌人後有一定机率触发“奋力”		2	0
10310005	-1	-1	#c00ff00装备：击中敌人後有一定机率触发“奋力”		2	0
10310006	-1	-1	#c00ff00装备：击中敌人後有一定机率触发“奋力”		2	0
10310007	-1	-1	#c00ff00装备：击中敌人後有一定机率触发“奋力”		2	0
10310011	-1	-1	#c00ff00装备：击中敌人後有一定机率触发“蓄力”		2	0
10310012	-1	-1	#c00ff00装备：击中敌人後有一定机率触发“蓄力”		2	0
10310013	-1	-1	#c00ff00装备：击中敌人後有一定机率触发“蓄力”		2	0
10310014	-1	-1	#c00ff00装备：击中敌人後有一定机率触发“蓄力”		2	0
10310015	-1	-1	#c00ff00装备：击中敌人後有一定机率触发“蓄力”		2	0
10310016	-1	-1	#c00ff00装备：击中敌人後有一定机率触发“蓄力”		2	0
10310017	-1	-1	#c00ff00装备：击中敌人後有一定机率触发“蓄力”		2	0
10310021	-1	-1	#c00ff00装备：击中敌人後有一定机率触发“精妙”		2	0
10310022	-1	-1	#c00ff00装备：击中敌人後有一定机率触发“精妙”		2	0
10310023	-1	-1	#c00ff00装备：击中敌人後有一定机率触发“精妙”		2	0
10310024	-1	-1	#c00ff00装备：击中敌人後有一定机率触发“精妙”		2	0
10310025	-1	-1	#c00ff00装备：击中敌人後有一定机率触发“精妙”		2	0
10310026	-1	-1	#c00ff00装备：击中敌人後有一定机率触发“精妙”		2	0
10310027	-1	-1	#c00ff00装备：击中敌人後有一定机率触发“精妙”		2	0
10310031	-1	-1	#c00ff00装备：击中敌人後有一定机率触发“绝妙”		2	0
10310032	-1	-1	#c00ff00装备：击中敌人後有一定机率触发“绝妙”		2	0
10310033	-1	-1	#c00ff00装备：击中敌人後有一定机率触发“绝妙”		2	0
10310034	-1	-1	#c00ff00装备：击中敌人後有一定机率触发“绝妙”		2	0
10310035	-1	-1	#c00ff00装备：击中敌人後有一定机率触发“绝妙”		2	0
10310036	-1	-1	#c00ff00装备：击中敌人後有一定机率触发“绝妙”		2	0
10310037	-1	-1	#c00ff00装备：击中敌人後有一定机率触发“绝妙”		2	0
10310041	-1	-1	#c00ff00装备：击中敌人後有一定机率触发“蓄力”		2	0
10310042	-1	-1	#c00ff00装备：击中敌人後有一定机率触发“蓄力”		2	0
10310043	-1	-1	#c00ff00装备：击中敌人後有一定机率触发“蓄力”		2	0
10310044	-1	-1	#c00ff00装备：击中敌人後有一定机率触发“蓄力”		2	0
10310045	-1	-1	#c00ff00装备：击中敌人後有一定机率触发“蓄力”		2	0
10310046	-1	-1	#c00ff00装备：击中敌人後有一定机率触发“蓄力”		2	0
10310047	-1	-1	#c00ff00装备：击中敌人後有一定机率触发“蓄力”		2	0
10310051	-1	-1	#c00ff00装备：击中敌人後有一定机率触发“蓄力”		2	0
10310052	-1	-1	#c00ff00装备：击中敌人後有一定机率触发“蓄力”		2	0
10310053	-1	-1	#c00ff00装备：击中敌人後有一定机率触发“蓄力”		2	0
10310054	-1	-1	#c00ff00装备：击中敌人後有一定机率触发“蓄力”		2	0
10310055	-1	-1	#c00ff00装备：击中敌人後有一定机率触发“蓄力”		2	0
10310056	-1	-1	#c00ff00装备：击中敌人後有一定机率触发“蓄力”		2	0
10310057	-1	-1	#c00ff00装备：击中敌人後有一定机率触发“蓄力”		2	0
10310061	-1	-1	#c00ff00装备：击中敌人後有一定机率触发“奋力”		2	0
10310062	-1	-1	#c00ff00装备：击中敌人後有一定机率触发“奋力”		2	0
10310063	-1	-1	#c00ff00装备：击中敌人後有一定机率触发“奋力”		2	0
10310064	-1	-1	#c00ff00装备：击中敌人後有一定机率触发“奋力”		2	0
10310065	-1	-1	#c00ff00装备：击中敌人後有一定机率触发“奋力”		2	0
10310066	-1	-1	#c00ff00装备：击中敌人後有一定机率触发“奋力”		2	0
10310067	-1	-1	#c00ff00装备：击中敌人後有一定机率触发“奋力”		2	0
10311001	-1	-1	#c00ff00装备：击中敌人後有一定机率触发“吸血”		2	0
10311002	-1	-1	#c00ff00装备：击中敌人後有一定机率触发“减速”		2	0
10311003	-1	-1	#c00ff00装备：击中敌人後有一定机率触发“破绽”		2	0
10311004	-1	-1	#c00ff00装备：击中敌人後有一定机率触发“吸血”		2	0
10311005	-1	-1	#c00ff00装备：击中敌人後有一定机率触发“减速”		2	0
10311006	-1	-1	#c00ff00装备：击中敌人後有一定机率触发“虚弱”		2	0
10311007	-1	-1	#c00ff00装备：击中敌人後有一定机率触发“吸血”		2	0
10311008	-1	-1	#c00ff00装备：击中敌人後有一定机率触发“减速”		2	0
10311009	-1	-1	#c00ff00装备：击中敌人後有一定机率触发“虚弱”		2	0
10311010	-1	-1	#c00ff00装备：击中敌人後有一定机率触发“吸血”		2	0
10311011	-1	-1	#c00ff00装备：击中敌人後有一定机率触发“吸气”		2	0
10311012	-1	-1	#c00ff00装备：击中敌人後有一定机率触发“破绽”		2	0
10311013	-1	-1	#c00ff00装备：击中敌人後有一定机率触发“吸血”		2	0
10311014	-1	-1	#c00ff00装备：击中敌人後有一定机率触发“虚弱”		2	0
10311015	-1	-1	#c00ff00装备：击中敌人後有一定机率触发“破绽”		2	0
10311016	-1	-1	#c00ff00装备：击中敌人後有一定机率触发“吸血”		2	0
10311017	-1	-1	#c00ff00装备：击中敌人後有一定机率触发“虚弱”		2	0
10311018	-1	-1	#c00ff00装备：击中敌人後有一定机率触发“破绽”		2	0
10311019	-1	-1	#c00ff00装备：击中敌人後有一定机率触发“吸血”		2	0
10311020	-1	-1	#c00ff00装备：击中敌人後有一定机率触发“打怒”		2	0
10311021	-1	-1	#c00ff00装备：击中敌人後有一定机率触发“虚弱”		2	0
10311022	-1	-1	#c00ff00装备：击中敌人後有一定机率触发“吸血”		2	0
10311023	-1	-1	#c00ff00装备：击中敌人後有一定机率触发“吸气”		2	0
10311024	-1	-1	#c00ff00装备：击中敌人後有一定机率触发“虚弱”		2	0
10311025	-1	-1	#c00ff00装备：击中敌人後有一定机率触发“吸血”		2	0
10311026	-1	-1	#c00ff00装备：击中敌人後有一定机率触发“吸气”		2	0
10311027	-1	-1	#c00ff00装备：击中敌人後有一定机率触发“虚弱”		2	0
10311028	-1	-1	#c00ff00装备：击中敌人後有一定机率触发“减速”		2	0
10311029	-1	-1	#c00ff00装备：击中敌人後有一定机率触发“吸血”		2	0
10311030	-1	-1	#c00ff00装备：击中敌人後有一定机率触发“虚弱”		2	0
10311031	-1	-1	#c00ff00装备：击中敌人後有一定机率触发“破绽”		2	0
10311032	-1	-1	#c00ff00装备：击中敌人後有一定机率触发“减速”		2	0
10311033	-1	-1	#c00ff00装备：击中敌人後有一定机率触发“吸血”		2	0
10311034	-1	-1	#c00ff00装备：击中敌人後有一定机率触发“破绽”		2	0
10311035	-1	-1	#c00ff00装备：击中敌人後有一定机率触发“减速”		2	0
10311036	-1	-1	#c00ff00装备：击中敌人後有一定机率触发“吸血”		2	0
10311037	-1	-1	#c00ff00装备：击中敌人後有一定机率触发“破绽”		2	0
10311038	-1	-1	#c00ff00装备：击中敌人後有一定机率触发“减速”		2	0
10311039	-1	-1	#c00ff00装备：击中敌人後有一定机率触发“吸血”		2	0
10312001	-1	-1	#c00ff00装备：击中敌人後有一定机率触发“吸血”		2	0
10312002	-1	-1	#c00ff00装备：击中敌人後有一定机率触发“减速”		2	0
10312003	-1	-1	#c00ff00装备：击中敌人後有一定机率触发“破绽”		2	0
10312004	-1	-1	#c00ff00装备：击中敌人後有一定机率触发“吸血”		2	0
10312005	-1	-1	#c00ff00装备：击中敌人後有一定机率触发“减速”		2	0
10312006	-1	-1	#c00ff00装备：击中敌人後有一定机率触发“虚弱”		2	0
10312007	-1	-1	#c00ff00装备：击中敌人後有一定机率触发“吸血”		2	0
10312008	-1	-1	#c00ff00装备：击中敌人後有一定机率触发“减速”		2	0
10312009	-1	-1	#c00ff00装备：击中敌人後有一定机率触发“虚弱”		2	0
10312010	-1	-1	#c00ff00装备：击中敌人後有一定机率触发“吸血”		2	0
10312011	-1	-1	#c00ff00装备：击中敌人後有一定机率触发“吸气”		2	0
10312012	-1	-1	#c00ff00装备：击中敌人後有一定机率触发“破绽”		2	0
10312013	-1	-1	#c00ff00装备：击中敌人後有一定机率触发“吸血”		2	0
10312014	-1	-1	#c00ff00装备：击中敌人後有一定机率触发“虚弱”		2	0
10312015	-1	-1	#c00ff00装备：击中敌人後有一定机率触发“破绽”		2	0
10312016	-1	-1	#c00ff00装备：击中敌人後有一定机率触发“吸血”		2	0
10312017	-1	-1	#c00ff00装备：击中敌人後有一定机率触发“虚弱”		2	0
10312018	-1	-1	#c00ff00装备：击中敌人後有一定机率触发“破绽”		2	0
10312019	-1	-1	#c00ff00装备：击中敌人後有一定机率触发“吸血”		2	0
10312020	-1	-1	#c00ff00装备：击中敌人後有一定机率触发“打怒”		2	0
10312021	-1	-1	#c00ff00装备：击中敌人後有一定机率触发“虚弱”		2	0
10312022	-1	-1	#c00ff00装备：击中敌人後有一定机率触发“吸血”		2	0
10312023	-1	-1	#c00ff00装备：击中敌人後有一定机率触发“吸气”		2	0
10312024	-1	-1	#c00ff00装备：击中敌人後有一定机率触发“虚弱”		2	0
10312025	-1	-1	#c00ff00装备：击中敌人後有一定机率触发“吸血”		2	0
10312026	-1	-1	#c00ff00装备：击中敌人後有一定机率触发“吸气”		2	0
10312027	-1	-1	#c00ff00装备：击中敌人後有一定机率触发“虚弱”		2	0
10312028	-1	-1	#c00ff00装备：击中敌人後有一定机率触发“减速”		2	0
10312029	-1	-1	#c00ff00装备：击中敌人後有一定机率触发“吸血”		2	0
10312030	-1	-1	#c00ff00装备：击中敌人後有一定机率触发“虚弱”		2	0
10312031	-1	-1	#c00ff00装备：击中敌人後有一定机率触发“破绽”		2	0
10312032	-1	-1	#c00ff00装备：击中敌人後有一定机率触发“减速”		2	0
10312033	-1	-1	#c00ff00装备：击中敌人後有一定机率触发“吸血”		2	0
10312034	-1	-1	#c00ff00装备：击中敌人後有一定机率触发“破绽”		2	0
10312035	-1	-1	#c00ff00装备：击中敌人後有一定机率触发“减速”		2	0
10312036	-1	-1	#c00ff00装备：击中敌人後有一定机率触发“吸血”		2	0
10312037	-1	-1	#c00ff00装备：击中敌人後有一定机率触发“破绽”		2	0
10312038	-1	-1	#c00ff00装备：击中敌人後有一定机率触发“减速”		2	0
10312039	-1	-1	#c00ff00装备：击中敌人後有一定机率触发“吸血”		2	0
10313001	-1	-1	#c00ff00装备：击中敌人後有一定机率触发“吸血”		2	0
10313002	-1	-1	#c00ff00装备：击中敌人後有一定机率触发“减速”		2	0
10313003	-1	-1	#c00ff00装备：击中敌人後有一定机率触发“破绽”		2	0
10313004	-1	-1	#c00ff00装备：击中敌人後有一定机率触发“吸血”		2	0
10313005	-1	-1	#c00ff00装备：击中敌人後有一定机率触发“减速”		2	0
10313006	-1	-1	#c00ff00装备：击中敌人後有一定机率触发“虚弱”		2	0
10313007	-1	-1	#c00ff00装备：击中敌人後有一定机率触发“吸血”		2	0
10313008	-1	-1	#c00ff00装备：击中敌人後有一定机率触发“减速”		2	0
10313009	-1	-1	#c00ff00装备：击中敌人後有一定机率触发“虚弱”		2	0
10313010	-1	-1	#c00ff00装备：击中敌人後有一定机率触发“吸血”		2	0
10313011	-1	-1	#c00ff00装备：击中敌人後有一定机率触发“吸气”		2	0
10313012	-1	-1	#c00ff00装备：击中敌人後有一定机率触发“破绽”		2	0
10313013	-1	-1	#c00ff00装备：击中敌人後有一定机率触发“吸血”		2	0
10313014	-1	-1	#c00ff00装备：击中敌人後有一定机率触发“虚弱”		2	0
10313015	-1	-1	#c00ff00装备：击中敌人後有一定机率触发“破绽”		2	0
10313016	-1	-1	#c00ff00装备：击中敌人後有一定机率触发“吸血”		2	0
10313017	-1	-1	#c00ff00装备：击中敌人後有一定机率触发“虚弱”		2	0
10313018	-1	-1	#c00ff00装备：击中敌人後有一定机率触发“破绽”		2	0
10313019	-1	-1	#c00ff00装备：击中敌人後有一定机率触发“吸血”		2	0
10313020	-1	-1	#c00ff00装备：击中敌人後有一定机率触发“打怒”		2	0
10313021	-1	-1	#c00ff00装备：击中敌人後有一定机率触发“虚弱”		2	0
10313022	-1	-1	#c00ff00装备：击中敌人後有一定机率触发“吸血”		2	0
10313023	-1	-1	#c00ff00装备：击中敌人後有一定机率触发“吸气”		2	0
10313024	-1	-1	#c00ff00装备：击中敌人後有一定机率触发“虚弱”		2	0
10313025	-1	-1	#c00ff00装备：击中敌人後有一定机率触发“吸血”		2	0
10313026	-1	-1	#c00ff00装备：击中敌人後有一定机率触发“吸气”		2	0
10313027	-1	-1	#c00ff00装备：击中敌人後有一定机率触发“虚弱”		2	0
10313028	-1	-1	#c00ff00装备：击中敌人後有一定机率触发“减速”		2	0
10313029	-1	-1	#c00ff00装备：击中敌人後有一定机率触发“吸血”		2	0
10313030	-1	-1	#c00ff00装备：击中敌人後有一定机率触发“虚弱”		2	0
10313031	-1	-1	#c00ff00装备：击中敌人後有一定机率触发“破绽”		2	0
10313032	-1	-1	#c00ff00装备：击中敌人後有一定机率触发“减速”		2	0
10313033	-1	-1	#c00ff00装备：击中敌人後有一定机率触发“吸血”		2	0
10313034	-1	-1	#c00ff00装备：击中敌人後有一定机率触发“破绽”		2	0
10313035	-1	-1	#c00ff00装备：击中敌人後有一定机率触发“减速”		2	0
10313036	-1	-1	#c00ff00装备：击中敌人後有一定机率触发“吸血”		2	0
10313037	-1	-1	#c00ff00装备：击中敌人後有一定机率触发“破绽”		2	0
10313038	-1	-1	#c00ff00装备：击中敌人後有一定机率触发“减速”		2	0
10313039	-1	-1	#c00ff00装备：击中敌人後有一定机率触发“吸血”		2	0
10410082	24	-1	-1		2	0
10410083	24	-1	-1		2	0
10410084	24	-1	-1		2	0
10410085	24	-1	-1		2	0
10410086	24	-1	-1		2	0
10410087	24	-1	-1		2	0
10410088	24	-1	-1		2	0
10410089	24	-1	-1		2	0
10410098	168	-1	-1	1	2	0
10410099	168	-1	-1	1	2	0
10410100	168	-1	-1	1	2	0
10410101	168	-1	-1	1	2	0
10410102	168	-1	-1	1	2	0
10410103	168	-1	-1	1	2	0
10410104	168	-1	-1	1	2	0
10410105	168	-1	-1	1	2	0
10410106	168	-1	-1	1	2	0
10410107	168	-1	-1	1	2	0
10410108	-1	-1	-1	1	2	0
10410109	-1	-1	-1	1	2	0
10410110	-1	-1	-1	1	2	0
10410111	-1	-1	-1	1	2	0
10410112	-1	-1	-1	1	2	0
10410113	-1	-1	-1	1	2	0
10410114	-1	-1	-1	1	2	0
10410115	-1	-1	-1	1	2	0
10410116	-1	-1	-1	1	2	0
10410117	-1	-1	-1	1	2	0
10410118	168	-1	-1	1	2	0
10410119	168	-1	-1	1	2	0
10410120	168	-1	-1	1	2	0
10410121	168	-1	-1	1	2	0
10410122	168	-1	-1	1	2	0
10410123	168	-1	-1	1	2	0
10410124	168	-1	-1	1	2	0
10410125	168	-1	-1	1	2	0
10410126	168	-1	-1	1	2	0
10410127	168	-1	-1	1	2	0
10422016	-1	-1	#c00ff00装备：击中敌人後有一定机率触发“封穴”		2	0
10423024	-1	-1	#c00ff00装备：击中敌人後有一定机率触发“麻痹”		2	0
10423025	-1	-1	#c00ff00装备：击中敌人后有更大机率触发“麻痹”		2	0
10423026	-1	-1	#c00ff00装备：击中敌人後有一定机率触发“麻痹”		2	0
10555200	-1	2005	#c00ff00装备：击中敌人後有一定机率触发“失明”		2	0
10555201	-1	2005	#c00ff00装备：反弹伤害10%		2	0
10555202	-1	2005	#c00ff00装备：伤害减免10%		2	0
10555203	-1	2005	#c00ff00装备：血上限提升10%		2	0
10555204	-1	2005	#c00ff00装备：暴击率提升10%		2	0
10555205	-1	2005	#c00ff00装备：击中敌人後有一定机率触发“封穴”		2	0
10555206	-1	2005	#c00ff00装备：击中敌人後有一定机率触发“麻痹”		2	0
10555300	168	2005	#c00ff00装备：击中敌人後有一定机率触发“五行封印”		2	0
10555301	168	2005	#c00ff00装备：击中敌人後有一定机率触发“五行封印”		2	0
10555302	168	2005	#c00ff00装备：击中敌人後有一定机率触发“五行封印”		2	0
10555303	168	2005	#c00ff00装备：击中敌人後有一定机率触发“五行封印”		2	0
10555400	-1	2005	#P灵性值：158#r#c009933天神护体（１级）#r#I受到攻击时，一定几率给主人一个生命值２万｜吸收率５０％的“护体盾”持续８秒#r#c009933雷霆之怒（１级）#r#I受到攻击时，一定几率施放法宝技能减少敌人２％生命值		2	0
10555401	-1	2005	#P灵性值：256#r#c009933天神护体（２级）#r#I受到攻击时，一定几率给主人一个生命值３万｜吸收率５０％的“护体盾”持续８秒#r#c009933雷霆之怒（２级）#r#I受到攻击时，一定几率施放法宝技能减少敌人３％生命值		2	0
10555402	-1	2005	#P灵性值：354#r#c009933天神护体（３级）#r#I受到攻击时，一定几率给主人一个生命值４万｜吸收率５０％的“护体盾”持续１０秒#r#c009933雷霆之怒（３级）#r#I受到攻击时，一定几率施放法宝技能减少敌人４％生命值		2	0
10555403	-1	2005	#P灵性值：452#r#c009933天神护体（４级）#r#I受到攻击时，一定几率给主人一个生命值５万｜吸收率５０％的“护体盾”持续１０秒#r#c009933雷霆之怒（４级）#r#I受到攻击时，一定几率施放法宝技能减少敌人５％生命值		2	0
10555404	-1	2005	#P灵性值：550#r#c009933天神护体（５级）#r#I受到攻击时，一定几率给主人一个生命值６万｜吸收率５０％的“护体盾”持续１２秒#r#c009933雷霆之怒（５级）#r#I受到攻击时，一定几率施放法宝技能减少敌人６％生命值		2	0
10555405	-1	2005	#P灵性值：648#r#c009933天神护体（６级）#r#I受到攻击时，一定几率给主人一个生命值７万｜吸收率５０％的“护体盾”持续１２秒#r#c009933雷霆之怒（６级）#r#I受到攻击时，一定几率施放法宝技能减少敌人７％生命值		2	0
10555406	-1	2005	#P灵性值：789#r#c009933天神护体（７级）#r#I受到攻击时，一定几率给主人一个生命值８万｜吸收率５０％的“护体盾”持续１５秒#r#c009933雷霆之怒（７级）#r#I受到攻击时，一定几率施放法宝技能减少敌人８％生命值		2	0
10555500	168	2005	-1	1	2	0
10555501	168	2005	-1	1	2	0
10555502	168	2005	-1	1	2	0
10555503	168	2005	-1	1	2	0
10555504	-1	-1	-1		2	0
10555505	-1	-1	-1		2	0
						

20101001	-1	-1	-1		2	0
20101002	-1	-1	-1		2	0
20101003	-1	-1	-1		2	0
20101004	-1	-1	-1		2	0
20101005	-1	-1	-1		2	0
20101006	-1	-1	-1		2	0
20101007	-1	-1	-1		2	0
20101008	-1	-1	-1		2	0
20101009	-1	-1	-1		2	0
20101010	-1	-1	-1		2	0
20101011	-1	-1	-1		2	0
20101012	-1	-1	-1		2	0
20101013	-1	-1	-1		2	0
20101014	-1	-1	-1		2	0
20101015	-1	-1	-1		2	0
20101016	-1	-1	-1		2	0
20101017	-1	-1	-1		2	0
20101018	-1	-1	-1		2	0
20101019	-1	-1	-1		2	0
20101020	-1	-1	-1		2	0
20101021	-1	-1	-1		2	0
20101022	-1	-1	-1		2	0
20101023	-1	-1	-1		2	0
20101024	-1	-1	-1		2	0
20101025	-1	-1	-1		2	0
20101026	-1	-1	-1		2	0
20101027	-1	-1	-1		2	0
20101028	-1	-1	-1		2	0
20101029	-1	-1	-1		2	0
20101030	-1	-1	-1		2	0
20103001	-1	-1	-1		2	0
20103002	-1	-1	-1		2	0
20103003	-1	-1	-1		2	0
20103004	-1	-1	-1		2	0
20103005	-1	-1	-1		2	0
20103006	-1	-1	-1		2	0
20103007	-1	-1	-1		2	0
20103008	-1	-1	-1		2	0
20103009	-1	-1	-1		2	0
20103010	-1	-1	-1		2	0
20103011	-1	-1	-1		2	0
20103012	-1	-1	-1		2	0
20103013	-1	-1	-1		2	0
20103014	-1	-1	-1		2	0
20103015	-1	-1	-1		2	0
20103016	-1	-1	-1		2	0
20103017	-1	-1	-1		2	0
20103018	-1	-1	-1		2	0
20103019	-1	-1	-1		2	0
20103020	-1	-1	-1		2	0
20103021	-1	-1	-1		2	0
20103022	-1	-1	-1		2	0
20103023	-1	-1	-1		2	0
20103024	-1	-1	-1		2	0
20103025	-1	-1	-1		2	0
20103026	-1	-1	-1		2	0
20103027	-1	-1	-1		2	0
20103028	-1	-1	-1		2	0
20103029	-1	-1	-1		2	0
20103030	-1	-1	-1		2	0
20103031	-1	-1	-1		2	0
20103032	-1	-1	-1		2	0
20103033	-1	-1	-1		2	0
20103034	-1	-1	-1		2	0
20103035	-1	-1	-1		2	0
20103036	-1	-1	-1		2	0
20103037	-1	-1	-1		2	0
20103038	-1	-1	-1		2	0
20103039	-1	-1	-1		2	0
20103040	-1	-1	-1		2	0
20103041	-1	-1	-1		2	0
20103042	-1	-1	-1		2	0
20103043	-1	-1	-1		2	0
20103044	-1	-1	-1		2	0
20103045	-1	-1	-1		2	0
20103046	-1	-1	-1		2	0
20103047	-1	-1	-1		2	0
20103048	-1	-1	-1		2	0
20103049	-1	-1	-1		2	0
20103050	-1	-1	-1		2	0
20103051	-1	-1	-1		2	0
20103052	-1	-1	-1		2	0
20103053	-1	-1	-1		2	0
20103054	-1	-1	-1		2	0
20103055	-1	-1	-1		2	0
20103056	-1	-1	-1		2	0
20103057	-1	-1	-1		2	0
20103058	-1	-1	-1		2	0
20103059	-1	-1	-1		2	0
20103060	-1	-1	-1		2	0
20103118	-1	-1	-1		2	0
20103119	-1	-1	-1		2	0
20103120	-1	-1	-1		2	0
20103121	-1	-1	-1		2	0
20103122	-1	-1	-1		2	0
20103123	-1	-1	-1		2	0
20103124	-1	-1	-1		2	0
20103125	-1	-1	-1		2	0
20103126	-1	-1	-1		2	0
20103127	-1	-1	-1		2	0
20103128	-1	-1	-1		2	0
20103129	-1	-1	-1		2	0
20103130	-1	-1	-1		2	0
20103131	-1	-1	-1		2	0
20103132	-1	-1	-1		2	0
20103133	-1	-1	-1		2	0
20103134	-1	-1	-1		2	0
20103135	-1	-1	-1		2	0
20103136	-1	-1	-1		2	0
20103137	-1	-1	-1		2	0
20304005	-1	-1	-1		2	0
20304006	-1	-1	-1		2	0
20304007	-1	-1	-1		2	0
20304008	-1	-1	-1		2	0
20304009	-1	-1	-1		2	0
20304010	-1	-1	-1		2	0
20304011	-1	-1	-1		2	0
20304012	-1	-1	-1		2	0
20304013	-1	-1	-1		2	0
20304014	-1	-1	-1		2	0
20304015	-1	-1	-1		2	0
20304016	-1	-1	-1		2	0
20310112	-1	-1	-1		2	0
20500004	-1	-1	-1		2	0
20500005	-1	-1	-1		2	0
20500006	-1	-1	-1		2	0
20500007	-1	-1	-1		2	0
20500008	-1	-1	-1		2	0
20501004	-1	-1	-1		2	0
20501005	-1	-1	-1		2	0
20501006	-1	-1	-1		2	0
20501007	-1	-1	-1		2	0
20501008	-1	-1	-1		2	0
20502004	-1	-1	-1		2	0
20502005	-1	-1	-1		2	0
20502006	-1	-1	-1		2	0
20502007	-1	-1	-1		2	0
20502008	-1	-1	-1		2	0
20700001	-1	-1	-1		2	0
20700002	-1	-1	-1		2	0
20700003	-1	-1	-1		2	0
20700004	-1	-1	-1		2	0
20700005	-1	-1	-1		2	0
20700006	-1	-1	-1		2	0
20700007	-1	-1	-1		2	0
30001001	-1	-1	-1		2	1
30001002	-1	-1	-1		2	1
30001003	-1	-1	-1		2	1
30001004	-1	-1	-1		2	1
30001016	-1	-1	-1		2	1
30001017	-1	-1	-1		2	1
30001018	-1	-1	-1		2	1
30002001	-1	-1	-1		2	1
30002002	-1	-1	-1		2	1
30002003	-1	-1	-1		2	1
30002004	-1	-1	-1		2	1
30002016	-1	-1	-1		2	1
30002017	-1	-1	-1		2	1
30002018	-1	-1	-1		2	1
30003001	-1	-1	-1		2	1
30003002	-1	-1	-1		2	1
30003003	-1	-1	-1		2	1
30003004	-1	-1	-1		2	1
30003005	-1	-1	-1		2	1
30003006	-1	-1	-1		2	1
30003007	-1	-1	-1		2	1
30003008	-1	-1	-1		2	1
30003009	-1	-1	-1		2	1
30003010	-1	-1	-1		2	1
30003021	-1	-1	-1		2	1
30003022	-1	-1	-1		2	1
30003023	-1	-1	-1		2	1
30008045	168	-1	-1		2	0
30008052	168	-1	-1		2	0
30008059	-1	-1	-1		2	1
30008060	-1	-1	-1		2	1
30008061	-1	-1	-1		2	1
30008062	-1	-1	-1		2	1
30008063	-1	-1	-1		2	1
30008064	-1	-1	-1		2	1
30008065	-1	-1	-1		2	1
30008066	-1	-1	-1		2	1
30101023	-1	-1	-1		2	1
30101024	-1	-1	-1		2	1
30101031	-1	-1	-1		2	1
30101032	-1	-1	-1		2	1
30101033	-1	-1	-1		2	1
30101034	-1	-1	-1		2	1
30101035	-1	-1	-1		2	1
30101036	-1	-1	-1		2	1
30101037	-1	-1	-1		2	1
30101038	-1	-1	-1		2	1
30101039	-1	-1	-1		2	1
30101040	-1	-1	-1		2	1
30101041	-1	-1	-1		2	1
30101042	-1	-1	-1		2	1
30101043	-1	-1	-1		2	1
30101044	-1	-1	-1		2	1
30101045	-1	-1	-1		2	1
30101046	-1	-1	-1		2	1
30101047	-1	-1	-1		2	1
30101048	-1	-1	-1		2	1
30101049	-1	-1	-1		2	1
30101050	-1	-1	-1		2	1
30101115	-1	-1	-1		2	1
30101116	-1	-1	-1		2	1
30101117	-1	-1	-1		2	1
30101118	-1	-1	-1		2	1
30101119	-1	-1	-1		2	1
30101120	-1	-1	-1		2	1
30101121	-1	-1	-1		2	1
30101122	-1	-1	-1		2	1
30101123	-1	-1	-1		2	1
30101124	-1	-1	-1		2	1
30101125	-1	-1	-1		2	1
30101126	-1	-1	-1		2	1
30101127	-1	-1	-1		2	1
30101128	-1	-1	-1		2	1
30101129	-1	-1	-1		2	1
30101130	-1	-1	-1		2	1
30101131	-1	-1	-1		2	1
30101132	-1	-1	-1		2	1
30101133	-1	-1	-1		2	1
30101134	-1	-1	-1		2	1
30103083	8760	-1	-1		2	0
30303001	-1	-1	-1		2	1
30303002	-1	-1	-1		2	1
30303003	-1	-1	-1		2	1
30303051	-1	-1	-1		2	1
30303052	-1	-1	-1		2	1
30303053	-1	-1	-1		2	1
30303100	-1	-1	-1		2	1
30303101	-1	-1	-1		2	1
30303102	-1	-1	-1		2	1
30304030	-1	-1	-1		2	1
30304031	-1	-1	-1		2	1
30304032	-1	-1	-1		2	1
30304033	-1	-1	-1		2	1
30304034	-1	-1	-1		2	1
30304035	-1	-1	-1		2	1
30304036	-1	-1	-1		2	1
30304037	-1	-1	-1		2	1
30304038	-1	-1	-1		2	1
30308072	-1	-1	-1		2	1
30309056	-1	-1	-1		2	1
30501100	720	-1	-1		2	0
30501104	-1	-1	-1		2	1
30501107	168	-1	-1		2	0
30501108	168	-1	-1		2	0
30501109	168	-1	-1		2	0
30501110	168	-1	-1		2	0
30501111	168	-1	-1		2	0
30501112	168	-1	-1		2	0
30501113	168	-1	-1		2	0
30501114	168	-1	-1		2	0
30501115	168	-1	-1		2	0
30501116	168	-1	-1		2	0
30501131	168	-1	-1		2	0
30501132	168	-1	-1		2	0
30501133	168	-1	-1		2	0
30501134	168	-1	-1		2	0
30501135	168	-1	-1		2	0
30501136	168	-1	-1		2	0
30501137	168	-1	-1		2	0
30501138	168	-1	-1		2	0
30501139	168	-1	-1		2	0
30501140	168	-1	-1		2	0
30501141	168	-1	-1		2	0
30501142	168	-1	-1		2	0
30501143	168	-1	-1		2	0
30501144	168	-1	-1		2	0
30501145	168	-1	-1		2	0
30501146	168	-1	-1		2	0
30501147	168	-1	-1		2	0
30501151	168	-1	-1		2	0
30501152	168	-1	-1		2	0
30501153	168	-1	-1		2	0
30501159	168	-1	-1		2	0
30501160	168	-1	-1		2	0
30501161	168	-1	-1		2	0
30501162	48	-1	-1		2	0
30501166	168	-1	-1		2	0
30501168	-1	-1	-1		2	0
30501172	-1	-1	-1		2	0
30501318	-1	-1	-1		2	0
30501355	-1	-1	-1		2	0
30501357	-1	-1	-1		2	0
30503022	168	-1	-1		2	0
30503023	168	-1	-1		2	0
30503024	168	-1	-1		2	0
30503025	-1	-1	-1		2	0
30503026	-1	-1	-1		2	0
30503027	-1	-1	-1		2	0
30503028	-1	-1	-1		2	0
30503029	-1	-1	-1		2	0
30503030	-1	-1	-1		2	0
30503031	-1	-1	-1		2	0
30503032	-1	-1	-1		2	0
30503033	-1	-1	-1		2	0
30503034	-1	-1	-1		2	0
30503035	-1	-1	-1		2	0
30503036	-1	-1	-1		2	0
30503037	-1	-1	-1		2	0
30503038	-1	-1	-1		2	0
30503039	-1	-1	-1		2	0
30503040	-1	-1	-1		2	0
30503041	-1	-1	-1		2	0
30503042	-1	-1	-1		2	0
30503043	-1	-1	-1		2	0
30503044	-1	-1	-1		2	0
30503045	-1	-1	-1		2	0
30503046	-1	-1	-1		2	0
30503047	-1	-1	-1		2	0
30503048	-1	-1	-1		2	0
30503049	-1	-1	-1		2	0
30503050	-1	-1	-1		2	0
30503051	-1	-1	-1		2	0
30503052	-1	-1	-1		2	0
30503053	-1	-1	-1		2	0
30503054	-1	-1	-1		2	0
30503055	-1	-1	-1		2	0
30503056	-1	-1	-1		2	0
30503057	-1	-1	-1		2	0
30503058	-1	-1	-1		2	0
30503059	-1	-1	-1		2	0
30503060	-1	-1	-1		2	0
30503061	-1	-1	-1		2	0
30503062	-1	-1	-1		2	0
30503063	-1	-1	-1		2	0
30503064	-1	-1	-1		2	0
30503065	-1	-1	-1		2	0
30503066	-1	-1	-1		2	0
30503067	-1	-1	-1		2	0
30503068	-1	-1	-1		2	0
30503069	-1	-1	-1		2	0
30503070	-1	-1	-1		2	0
30503071	-1	-1	-1		2	0
30503072	-1	-1	-1		2	0
30503073	-1	-1	-1		2	0
30503074	-1	-1	-1		2	0
30503075	-1	-1	-1		2	0
30503076	-1	-1	-1		2	0
30503077	-1	-1	-1		2	0
30503078	-1	-1	-1		2	0
30503079	-1	-1	-1		2	0
30503080	-1	-1	-1		2	0
30503081	-1	-1	-1		2	0
30503082	-1	-1	-1		2	0
30503083	-1	-1	-1		2	0
30503084	-1	-1	-1		2	0
30503085	-1	-1	-1		2	0
30503086	-1	-1	-1		2	0
30503087	-1	-1	-1		2	0
30503088	-1	-1	-1		2	0
30503089	-1	-1	-1		2	0
30503090	-1	-1	-1		2	0
30503091	-1	-1	-1		2	0
30503092	-1	-1	-1		2	0
30503093	-1	-1	-1		2	0
30503094	-1	-1	-1		2	0
30503095	-1	-1	-1		2	0
30503096	-1	-1	-1		2	0
30503097	-1	-1	-1		2	0
30503098	-1	-1	-1		2	0
30503099	-1	-1	-1		2	0
30503100	-1	-1	-1		2	0
30503101	-1	-1	-1		2	0
30503102	-1	-1	-1		2	0
30503103	-1	-1	-1		2	0
30503104	-1	-1	-1		2	0
30503105	-1	-1	-1		2	0
30503106	-1	-1	-1		2	0
30503107	-1	-1	-1		2	0
30503108	-1	-1	-1		2	0
30503109	-1	-1	-1		2	0
30503110	-1	-1	-1		2	0
30503111	-1	-1	-1		2	0
30503112	-1	-1	-1		2	0
30503113	-1	-1	-1		2	0
30503114	-1	-1	-1		2	0
30503140	-1	-1	-1		2	0
30504052	48	-1	-1		2	0
30504112	-1	-1	-1		2	0
30505013	-1	-1	-1		2	1
30505014	-1	-1	-1		2	1
30505015	-1	-1	-1		2	1
30505016	-1	-1	-1		2	1
30505017	-1	-1	-1		2	1
30505018	-1	-1	-1		2	1
30505019	-1	-1	-1		2	1
30505020	-1	-1	-1		2	1
30505021	-1	-1	-1		2	1
30505022	-1	-1	-1		2	1
30505085	720	-1	-1		2	0
30505086	720	-1	-1		2	0
30505087	720	-1	-1		2	0
30505088	720	-1	-1		2	0
30505089	720	-1	-1		2	0
30505090	720	-1	-1		2	0
30505091	720	-1	-1		2	0
30505114	2160	-1	-1		2	0
30505115	2160	-1	-1		2	0
30505116	2160	-1	-1		2	0
30505117	2160	-1	-1		2	0
30505118	2160	-1	-1		2	0
30505119	2160	-1	-1		2	0
30505120	2160	-1	-1		2	0
30505123	720	-1	-1		2	0
30505124	720	-1	-1		2	0
30505130	720	-1	-1		2	0
30505131	720	-1	-1		2	0
30505155	-1	-1	-1		2	1
30505156	-1	-1	-1		2	1
30505157	-1	-1	-1		2	0
30505158	-1	-1	-1		2	0
30505159	-1	-1	-1		2	0
30505160	-1	-1	-1		2	0
30505161	-1	-1	-1		2	0
30505163	168	-1	-1		2	0
30505191	192	-1	-1		2	0
30505200	720	-1	-1		2	0
30505201	168	-1	-1		2	0
30505202	168	-1	-1		2	0
30505203	168	-1	-1		2	0
30505204	168	-1	-1		2	0
30505207	1	-1	-1		2	0
30505208	1	-1	-1		2	0
30505209	1	-1	-1		2	0
30505210	1	-1	-1		2	0
30505211	1	-1	-1		2	0
30505212	1	-1	-1		2	0
30505213	1	-1	-1		2	0
30505800	-1	-1	-1		2	0
30505801	-1	-1	-1		2	0
30505802	-1	-1	-1		2	0
30505803	-1	-1	-1		2	0
30505804	-1	-1	-1		2	0
30505805	-1	-1	-1		2	0
30505806	-1	-1	-1		2	0
30505816	-1	-1	-1		2	0
30505817	-1	-1	-1		2	0
30505821	-1	-1	-1		2	0
30505908	-1	-1	-1		2	0
30505909	-1	-1	-1		2	0
30601001	-1	-1	-1		2	1
30601004	-1	-1	-1		2	1
30602001	-1	-1	-1		2	1
30602002	-1	-1	-1		2	1
30602003	-1	-1	-1		2	1
30602004	-1	-1	-1		2	1
30603001	-1	-1	-1		2	1
30603002	-1	-1	-1		2	1
30603003	-1	-1	-1		2	1
30603004	-1	-1	-1		2	1
30604001	-1	-1	-1		2	1
30604002	-1	-1	-1		2	1
30604003	-1	-1	-1		2	1
30604004	-1	-1	-1		2	1
30605001	-1	-1	-1		2	1
30605002	-1	-1	-1		2	1
30605003	-1	-1	-1		2	1
30605004	-1	-1	-1		2	1
30607002	-1	-1	-1		2	1
30700201	240	-1	-1		2	0
30700202	240	-1	-1		2	0
30900045	-1	-1	-1		2	0
30900051	1	2005	-1		2	0
30900052	1	2005	-1		2	0
30900053	1	2005	-1		2	0
30900054	1	2005	-1		2	0
30900055	1	2005	-1		2	0
30900056	-1	-1	-1		2	0
30900057	-1	-1	-1		2	0
30900058	-1	-1	-1		2	0
31000100	720	-1	-1		2	0
38000000	720	-1	-1		2	0
38000006	168	-1	-1		2	0
38000007	168	-1	-1		2	0
38000008	168	-1	-1		2	0
39000026	-1	-1	-1		2	0
39000027	-1	-1	-1		2	0
39000028	-1	-1	-1		2	0
39000029	-1	-1	-1		2	0
39000030	-1	-1	-1		2	0
39000031	-1	-1	-1		2	0
39000032	-1	-1	-1		2	0
39000033	-1	-1	-1		2	0
39000034	-1	-1	-1		2	0
39000035	-1	-1	-1		2	0
39000036	2	-1	-1		2	0
39000038	-1	-1	-1		2	0
39000039	-1	-1	-1		2	0
39000041	-1	-1	-1		2	0
39000046	-1	-1	-1		2	1
39000047	-1	-1	-1		2	1
39000048	-1	-1	-1		2	1
39000049	-1	-1	-1		2	1
39000050	-1	-1	-1		2	1
39000051	-1	-1	-1		2	1
39000052	-1	-1	-1		2	1
39000071	-1	-1	-1		2	0
39000072	-1	-1	-1		2	0
39000074	-1	-1	-1		2	0
39000075	-1	-1	-1		2	0
39000080	-1	-1	-1		2	0
39000090	-1	-1	-1		2	0
39000091	-1	-1	-1		2	0
39000092	-1	-1	-1		2	0
39000093	-1	-1	-1		2	0
39000094	-1	-1	-1		2	0
39000095	-1	-1	-1		2	0
39000096	-1	-1	-1		2	0
39000097	-1	-1	-1		2	0
39000098	-1	-1	-1		2	0
39000099	-1	-1	-1		2	0
39000100	-1	-1	-1		2	0
39000101	-1	-1	-1		2	0
39000102	-1	-1	-1		2	0
39000104	72	-1	-1		2	0
39000105	72	-1	-1		2	0
39000106	72	-1	-1		2	0
39000108	-1	-1	-1		2	0
39000109	-1	-1	-1		2	0
40004414	4	-1	-1		2	0
40004431	48	-1	-1		2	0
40004432	48	-1	-1		2	0
40004433	48	-1	-1		2	0
						
						
##本文件由潇湘工具优化 秒传地图 下载群923288704						
