INT	INT	INT	INT	INT	INT	INT	INT	STRING	INT
EQUIPID	MATERIAL	NUM	MATERIAL	NUM	MONEY	PRODECT	CLIENT	CLIENT	QUAL
39990000	20301009	3	-1	-1	10000	39990001	0	_001	2
39990001	20301009	5	-1	-1	20000	39990002	1	_002	3
39990002	20301009	7	-1	-1	30000	39990003	1	_003	4
39990003	20301009	11	-1	-1	40000	39990004	1	_004	5
39990004	20301009	16	20301010	1	50000	39990135	1	_005	6
39990005	20301009	3	-1	-1	10000	39990006	0	_006	2
39990006	20301009	5	-1	-1	20000	39990007	1	_007	3
39990007	20301009	7	-1	-1	30000	39990008	1	_008	4
39990008	20301009	11	-1	-1	40000	39990009	1	_009	5
39990009	20301009	16	20301010	1	50000	39990136	1	_010	6
39990010	20301009	3	-1	-1	10000	39990011	0	_011	2
39990011	20301009	5	-1	-1	20000	39990012	1	_012	3
39990012	20301009	7	-1	-1	30000	39990013	1	_013	4
39990013	20301009	11	-1	-1	40000	39990014	1	_014	5
39990014	20301009	16	20301010	1	50000	39990137	1	_015	6
39990015	20301009	3	-1	-1	10000	39990016	0	_016	2
39990016	20301009	5	-1	-1	20000	39990017	1	_017	3
39990017	20301009	7	-1	-1	30000	39990018	1	_018	4
39990018	20301009	11	-1	-1	40000	39990019	1	_019	5
39990019	20301009	16	20301010	1	50000	39990138	1	_020	6
39990020	20301009	3	-1	-1	10000	39990021	0	_021	2
39990021	20301009	5	-1	-1	20000	39990022	1	_022	3
39990022	20301009	7	-1	-1	30000	39990023	1	_023	4
39990023	20301009	11	-1	-1	40000	39990024	1	_024	5
39990024	20301009	16	20301010	1	50000	39990139	1	_025	6
39990025	20301009	3	-1	-1	10000	39990026	0	_026	2
39990026	20301009	5	-1	-1	20000	39990027	1	_027	3
39990027	20301009	7	-1	-1	30000	39990028	1	_028	4
39990028	20301009	11	-1	-1	40000	39990029	1	_029	5
39990029	20301009	16	20301010	1	50000	39990140	1	_030	6
39990030	20301009	3	-1	-1	10000	39990031	0	_031	2
39990031	20301009	5	-1	-1	20000	39990032	1	_032	3
39990032	20301009	7	-1	-1	30000	39990033	1	_033	4
39990033	20301009	11	-1	-1	40000	39990034	1	_034	5
39990034	20301009	16	20301010	1	50000	39990141	1	_035	6
39990035	20301009	3	-1	-1	10000	39990036	0	_036	2
39990036	20301009	5	-1	-1	20000	39990037	1	_037	3
39990037	20301009	7	-1	-1	30000	39990038	1	_038	4
39990038	20301009	11	-1	-1	40000	39990039	1	_039	5
39990039	20301009	16	20301010	1	50000	39990142	1	_040	6
39990040	20301009	3	-1	-1	10000	39990041	0	_041	2
39990041	20301009	5	-1	-1	20000	39990042	1	_042	3
39990042	20301009	7	-1	-1	30000	39990043	1	_043	4
39990043	20301009	11	-1	-1	40000	39990044	1	_044	5
39990044	20301009	16	20301010	1	50000	39990143	1	_045	6
39990045	20301009	16	-1	-1	10000	39990046	0	_046	2
39990046	20301009	18	-1	-1	20000	39990047	1	_047	3
39990047	20301009	20	-1	-1	30000	39990048	1	_048	4
39990048	20301009	24	-1	-1	40000	39990049	1	_049	5
39990049	20301009	28	20301010	1	50000	39990144	1	_050	6
39990050	20301009	16	-1	-1	10000	39990051	0	_051	2
39990051	20301009	18	-1	-1	20000	39990052	1	_052	3
39990052	20301009	20	-1	-1	30000	39990053	1	_053	4
39990053	20301009	24	-1	-1	40000	39990054	1	_054	5
39990054	20301009	28	20301010	1	50000	39990145	1	_055	6
39990055	20301009	16	-1	-1	10000	39990056	0	_056	2
39990056	20301009	18	-1	-1	20000	39990057	1	_057	3
39990057	20301009	20	-1	-1	30000	39990058	1	_058	4
39990058	20301009	24	-1	-1	40000	39990059	1	_059	5
39990059	20301009	28	20301010	1	50000	39990146	1	_060	6
39990060	20301009	16	-1	-1	10000	39990061	0	_061	2
39990061	20301009	18	-1	-1	20000	39990062	1	_062	3
39990062	20301009	20	-1	-1	30000	39990063	1	_063	4
39990063	20301009	24	-1	-1	40000	39990064	1	_064	5
39990064	20301009	28	20301010	1	50000	39990147	1	_065	6
39990065	20301009	16	-1	-1	10000	39990066	0	_066	2
39990066	20301009	18	-1	-1	20000	39990067	1	_067	3
39990067	20301009	20	-1	-1	30000	39990068	1	_068	4
39990068	20301009	24	-1	-1	40000	39990069	1	_069	5
39990069	20301009	28	20301010	1	50000	39990148	1	_070	6
39990070	20301009	16	-1	-1	10000	39990071	0	_071	2
39990071	20301009	18	-1	-1	20000	39990072	1	_072	3
39990072	20301009	20	-1	-1	30000	39990073	1	_073	4
39990073	20301009	24	-1	-1	40000	39990074	1	_074	5
39990074	20301009	28	20301010	1	50000	39990149	1	_075	6
39990075	20301009	16	-1	-1	10000	39990076	0	_076	2
39990076	20301009	18	-1	-1	20000	39990077	1	_077	3
39990077	20301009	20	-1	-1	30000	39990078	1	_078	4
39990078	20301009	24	-1	-1	40000	39990079	1	_079	5
39990079	20301009	28	20301010	1	50000	39990150	1	_080	6
39990080	20301009	16	-1	-1	10000	39990081	0	_081	2
39990081	20301009	18	-1	-1	20000	39990082	1	_082	3
39990082	20301009	20	-1	-1	30000	39990083	1	_083	4
39990083	20301009	24	-1	-1	40000	39990084	1	_084	5
39990084	20301009	28	20301010	1	50000	39990151	1	_085	6
39990085	20301009	16	-1	-1	10000	39990086	0	_086	2
39990086	20301009	18	-1	-1	20000	39990087	1	_087	3
39990087	20301009	20	-1	-1	30000	39990088	1	_088	4
39990088	20301009	24	-1	-1	40000	39990089	1	_089	5
39990089	20301009	28	20301010	1	50000	39990152	1	_090	6
39990090	20301009	36	-1	-1	10000	39990091	0	_091	2
39990091	20301009	43	-1	-1	20000	39990092	1	_092	3
39990092	20301009	50	-1	-1	30000	39990093	1	_093	4
39990093	20301009	56	-1	-1	40000	39990094	1	_094	5
39990094	20301009	63	20301010	1	50000	39990153	1	_095	6
39990095	20301009	36	-1	-1	10000	39990096	0	_096	2
39990096	20301009	43	-1	-1	20000	39990097	1	_097	3
39990097	20301009	50	-1	-1	30000	39990098	1	_098	4
39990098	20301009	56	-1	-1	40000	39990099	1	_099	5
39990099	20301009	63	20301010	1	50000	39990154	1	_100	6
39990100	20301009	36	-1	-1	10000	39990101	0	_101	2
39990101	20301009	43	-1	-1	20000	39990102	1	_102	3
39990102	20301009	50	-1	-1	30000	39990103	1	_103	4
39990103	20301009	56	-1	-1	40000	39990104	1	_104	5
39990104	20301009	63	20301010	1	50000	39990155	1	_105	6
39990105	20301009	36	-1	-1	10000	39990106	0	_106	2
39990106	20301009	43	-1	-1	20000	39990107	1	_107	3
39990107	20301009	50	-1	-1	30000	39990108	1	_108	4
39990108	20301009	56	-1	-1	40000	39990109	1	_109	5
39990109	20301009	63	20301010	1	50000	39990156	1	_110	6
39990110	20301009	36	-1	-1	10000	39990111	0	_111	2
39990111	20301009	43	-1	-1	20000	39990112	1	_112	3
39990112	20301009	50	-1	-1	30000	39990113	1	_113	4
39990113	20301009	56	-1	-1	40000	39990114	1	_114	5
39990114	20301009	63	20301010	1	50000	39990157	1	_115	6
39990115	20301009	36	-1	-1	10000	39990116	0	_116	2
39990116	20301009	43	-1	-1	20000	39990117	1	_117	3
39990117	20301009	50	-1	-1	30000	39990118	1	_118	4
39990118	20301009	56	-1	-1	40000	39990119	1	_119	5
39990119	20301009	63	20301010	1	50000	39990158	1	_120	6
39990120	20301009	36	-1	-1	10000	39990121	0	_121	2
39990121	20301009	43	-1	-1	20000	39990122	1	_122	3
39990122	20301009	50	-1	-1	30000	39990123	1	_123	4
39990123	20301009	56	-1	-1	40000	39990124	1	_124	5
39990124	20301009	63	20301010	1	50000	39990159	1	_125	6
39990125	20301009	36	-1	-1	10000	39990126	0	_126	2
39990126	20301009	43	-1	-1	20000	39990127	1	_127	3
39990127	20301009	50	-1	-1	30000	39990128	1	_128	4
39990128	20301009	56	-1	-1	40000	39990129	1	_129	5
39990129	20301009	63	20301010	1	50000	39990160	1	_130	6
39990130	20301009	36	-1	-1	10000	39990131	0	_131	2
39990131	20301009	43	-1	-1	20000	39990132	1	_132	3
39990132	20301009	50	-1	-1	30000	39990133	1	_133	4
39990133	20301009	56	-1	-1	40000	39990134	1	_134	5
39990134	20301009	63	20301010	1	50000	39990161	1	_135	6
39990162	20301009	3	-1	-1	10000	39990031	0	_136	2
39991000	20301009	3	-1	-1	10000	39991001	0	_137	2
39991001	20301009	5	-1	-1	20000	39991002	1	_138	3
39991002	20301009	7	-1	-1	30000	39991003	1	_139	4
39991003	20301009	11	-1	-1	40000	39991004	1	_140	5
39991004	20301009	16	20301010	1	50000	39991135	1	_141	6
39991005	20301009	3	-1	-1	10000	39991006	0	_142	2
39991006	20301009	5	-1	-1	20000	39991007	1	_143	3
39991007	20301009	7	-1	-1	30000	39991008	1	_144	4
39991008	20301009	11	-1	-1	40000	39991009	1	_145	5
39991009	20301009	16	20301010	1	50000	39991136	1	_146	6
39991010	20301009	3	-1	-1	10000	39991011	0	_147	2
39991011	20301009	5	-1	-1	20000	39991012	1	_148	3
39991012	20301009	7	-1	-1	30000	39991013	1	_149	4
39991013	20301009	11	-1	-1	40000	39991014	1	_150	5
39991014	20301009	16	20301010	1	50000	39991137	1	_151	6
39991015	20301009	3	-1	-1	10000	39991016	0	_152	2
39991016	20301009	5	-1	-1	20000	39991017	1	_153	3
39991017	20301009	7	-1	-1	30000	39991018	1	_154	4
39991018	20301009	11	-1	-1	40000	39991019	1	_155	5
39991019	20301009	16	20301010	1	50000	39991138	1	_156	6
39991020	20301009	3	-1	-1	10000	39991021	0	_157	2
39991021	20301009	5	-1	-1	20000	39991022	1	_158	3
39991022	20301009	7	-1	-1	30000	39991023	1	_159	4
39991023	20301009	11	-1	-1	40000	39991024	1	_160	5
39991024	20301009	16	20301010	1	50000	39991139	1	_161	6
39991025	20301009	3	-1	-1	10000	39991026	0	_162	2
39991026	20301009	5	-1	-1	20000	39991027	1	_163	3
39991027	20301009	7	-1	-1	30000	39991028	1	_164	4
39991028	20301009	11	-1	-1	40000	39991029	1	_165	5
39991029	20301009	16	20301010	1	50000	39991140	1	_166	6
39991030	20301009	3	-1	-1	10000	39991031	0	_167	2
39991031	20301009	5	-1	-1	20000	39991032	1	_168	3
39991032	20301009	7	-1	-1	30000	39991033	1	_169	4
39991033	20301009	11	-1	-1	40000	39991034	1	_170	5
39991034	20301009	16	20301010	1	50000	39991141	1	_171	6
39991035	20301009	3	-1	-1	10000	39991036	0	_172	2
39991036	20301009	5	-1	-1	20000	39991037	1	_173	3
39991037	20301009	7	-1	-1	30000	39991038	1	_174	4
39991038	20301009	11	-1	-1	40000	39991039	1	_175	5
39991039	20301009	16	20301010	1	50000	39991142	1	_176	6
39991040	20301009	3	-1	-1	10000	39991041	0	_177	2
39991041	20301009	5	-1	-1	20000	39991042	1	_178	3
39991042	20301009	7	-1	-1	30000	39991043	1	_179	4
39991043	20301009	11	-1	-1	40000	39991044	1	_180	5
39991044	20301009	16	20301010	1	50000	39991143	1	_181	6
39991045	20301009	16	-1	-1	10000	39991046	0	_182	2
39991046	20301009	18	-1	-1	20000	39991047	1	_183	3
39991047	20301009	20	-1	-1	30000	39991048	1	_184	4
39991048	20301009	24	-1	-1	40000	39991049	1	_185	5
39991049	20301009	28	20301010	1	50000	39991144	1	_186	6
39991050	20301009	16	-1	-1	10000	39991051	0	_187	2
39991051	20301009	18	-1	-1	20000	39991052	1	_188	3
39991052	20301009	20	-1	-1	30000	39991053	1	_189	4
39991053	20301009	24	-1	-1	40000	39991054	1	_190	5
39991054	20301009	28	20301010	1	50000	39991145	1	_191	6
39991055	20301009	16	-1	-1	10000	39991056	0	_192	2
39991056	20301009	18	-1	-1	20000	39991057	1	_193	3
39991057	20301009	20	-1	-1	30000	39991058	1	_194	4
39991058	20301009	24	-1	-1	40000	39991059	1	_195	5
39991059	20301009	28	20301010	1	50000	39991146	1	_196	6
39991060	20301009	16	-1	-1	10000	39991061	0	_197	2
39991061	20301009	18	-1	-1	20000	39991062	1	_198	3
39991062	20301009	20	-1	-1	30000	39991063	1	_199	4
39991063	20301009	24	-1	-1	40000	39991064	1	_200	5
39991064	20301009	28	20301010	1	50000	39991147	1	_201	6
39991065	20301009	16	-1	-1	10000	39991066	0	_202	2
39991066	20301009	18	-1	-1	20000	39991067	1	_203	3
39991067	20301009	20	-1	-1	30000	39991068	1	_204	4
39991068	20301009	24	-1	-1	40000	39991069	1	_205	5
39991069	20301009	28	20301010	1	50000	39991148	1	_206	6
39991070	20301009	16	-1	-1	10000	39991071	0	_207	2
39991071	20301009	18	-1	-1	20000	39991072	1	_208	3
39991072	20301009	20	-1	-1	30000	39991073	1	_209	4
39991073	20301009	24	-1	-1	40000	39991074	1	_210	5
39991074	20301009	28	20301010	1	50000	39991149	1	_211	6
39991075	20301009	16	-1	-1	10000	39991076	0	_212	2
39991076	20301009	18	-1	-1	20000	39991077	1	_213	3
39991077	20301009	20	-1	-1	30000	39991078	1	_214	4
39991078	20301009	24	-1	-1	40000	39991079	1	_215	5
39991079	20301009	28	20301010	1	50000	39991150	1	_216	6
39991080	20301009	16	-1	-1	10000	39991081	0	_217	2
39991081	20301009	18	-1	-1	20000	39991082	1	_218	3
39991082	20301009	20	-1	-1	30000	39991083	1	_219	4
39991083	20301009	24	-1	-1	40000	39991084	1	_220	5
39991084	20301009	28	20301010	1	50000	39991151	1	_221	6
39991085	20301009	16	-1	-1	10000	39991086	0	_222	2
39991086	20301009	18	-1	-1	20000	39991087	1	_223	3
39991087	20301009	20	-1	-1	30000	39991088	1	_224	4
39991088	20301009	24	-1	-1	40000	39991089	1	_225	5
39991089	20301009	28	20301010	1	50000	39991152	1	_226	6
39991090	20301009	36	-1	-1	10000	39991091	0	_227	2
39991091	20301009	43	-1	-1	20000	39991092	1	_228	3
39991092	20301009	50	-1	-1	30000	39991093	1	_229	4
39991093	20301009	56	-1	-1	40000	39991094	1	_230	5
39991094	20301009	63	20301010	1	50000	39991153	1	_231	6
39991095	20301009	36	-1	-1	10000	39991096	0	_232	2
39991096	20301009	43	-1	-1	20000	39991097	1	_233	3
39991097	20301009	50	-1	-1	30000	39991098	1	_234	4
39991098	20301009	56	-1	-1	40000	39991099	1	_235	5
39991099	20301009	63	20301010	1	50000	39991154	1	_236	6
39991100	20301009	36	-1	-1	10000	39991101	0	_237	2
39991101	20301009	43	-1	-1	20000	39991102	1	_238	3
39991102	20301009	50	-1	-1	30000	39991103	1	_239	4
39991103	20301009	56	-1	-1	40000	39991104	1	_240	5
39991104	20301009	63	20301010	1	50000	39991155	1	_241	6
39991105	20301009	36	-1	-1	10000	39991106	0	_242	2
39991106	20301009	43	-1	-1	20000	39991107	1	_243	3
39991107	20301009	50	-1	-1	30000	39991108	1	_244	4
39991108	20301009	56	-1	-1	40000	39991109	1	_245	5
39991109	20301009	63	20301010	1	50000	39991156	1	_246	6
39991110	20301009	36	-1	-1	10000	39991111	0	_247	2
39991111	20301009	43	-1	-1	20000	39991112	1	_248	3
39991112	20301009	50	-1	-1	30000	39991113	1	_249	4
39991113	20301009	56	-1	-1	40000	39991114	1	_250	5
39991114	20301009	63	20301010	1	50000	39991157	1	_251	6
39991115	20301009	36	-1	-1	10000	39991116	0	_252	2
39991116	20301009	43	-1	-1	20000	39991117	1	_253	3
39991117	20301009	50	-1	-1	30000	39991118	1	_254	4
39991118	20301009	56	-1	-1	40000	39991119	1	_255	5
39991119	20301009	63	20301010	1	50000	39991158	1	_256	6
39991120	20301009	36	-1	-1	10000	39991121	0	_257	2
39991121	20301009	43	-1	-1	20000	39991122	1	_258	3
39991122	20301009	50	-1	-1	30000	39991123	1	_259	4
39991123	20301009	56	-1	-1	40000	39991124	1	_260	5
39991124	20301009	63	20301010	1	50000	39991159	1	_261	6
39991125	20301009	36	-1	-1	10000	39991126	0	_262	2
39991126	20301009	43	-1	-1	20000	39991127	1	_263	3
39991127	20301009	50	-1	-1	30000	39991128	1	_264	4
39991128	20301009	56	-1	-1	40000	39991129	1	_265	5
39991129	20301009	63	20301010	1	50000	39991160	1	_266	6
39991130	20301009	36	-1	-1	10000	39991131	0	_267	2
39991131	20301009	43	-1	-1	20000	39991132	1	_268	3
39991132	20301009	50	-1	-1	30000	39991133	1	_269	4
39991133	20301009	56	-1	-1	40000	39991134	1	_270	5
39991134	20301009	63	20301010	1	50000	39991161	1	_271	6
39991162	20301009	3	-1	-1	10000	39991031	0	_272	2
39992000	20301009	3	-1	-1	10000	39992001	0	_273	2
39992001	20301009	5	-1	-1	20000	39992002	1	_274	3
39992002	20301009	7	-1	-1	30000	39992003	1	_275	4
39992003	20301009	11	-1	-1	40000	39992004	1	_276	5
39992004	20301009	16	20301010	1	50000	39992135	1	_277	6
39992005	20301009	3	-1	-1	10000	39992006	0	_278	2
39992006	20301009	5	-1	-1	20000	39992007	1	_279	3
39992007	20301009	7	-1	-1	30000	39992008	1	_280	4
39992008	20301009	11	-1	-1	40000	39992009	1	_281	5
39992009	20301009	16	20301010	1	50000	39992136	1	_282	6
39992010	20301009	3	-1	-1	10000	39992011	0	_283	2
39992011	20301009	5	-1	-1	20000	39992012	1	_284	3
39992012	20301009	7	-1	-1	30000	39992013	1	_285	4
39992013	20301009	11	-1	-1	40000	39992014	1	_286	5
39992014	20301009	16	20301010	1	50000	39992137	1	_287	6
39992015	20301009	3	-1	-1	10000	39992016	0	_288	2
39992016	20301009	5	-1	-1	20000	39992017	1	_289	3
39992017	20301009	7	-1	-1	30000	39992018	1	_290	4
39992018	20301009	11	-1	-1	40000	39992019	1	_291	5
39992019	20301009	16	20301010	1	50000	39992138	1	_292	6
39992020	20301009	3	-1	-1	10000	39992021	0	_293	2
39992021	20301009	5	-1	-1	20000	39992022	1	_294	3
39992022	20301009	7	-1	-1	30000	39992023	1	_295	4
39992023	20301009	11	-1	-1	40000	39992024	1	_296	5
39992024	20301009	16	20301010	1	50000	39992139	1	_297	6
39992025	20301009	3	-1	-1	10000	39992026	0	_298	2
39992026	20301009	5	-1	-1	20000	39992027	1	_299	3
39992027	20301009	7	-1	-1	30000	39992028	1	_300	4
39992028	20301009	11	-1	-1	40000	39992029	1	_301	5
39992029	20301009	16	20301010	1	50000	39992140	1	_302	6
39992030	20301009	3	-1	-1	10000	39992031	0	_303	2
39992031	20301009	5	-1	-1	20000	39992032	1	_304	3
39992032	20301009	7	-1	-1	30000	39992033	1	_305	4
39992033	20301009	11	-1	-1	40000	39992034	1	_306	5
39992034	20301009	16	20301010	1	50000	39992141	1	_307	6
39992035	20301009	3	-1	-1	10000	39992036	0	_308	2
39992036	20301009	5	-1	-1	20000	39992037	1	_309	3
39992037	20301009	7	-1	-1	30000	39992038	1	_310	4
39992038	20301009	11	-1	-1	40000	39992039	1	_311	5
39992039	20301009	16	20301010	1	50000	39992142	1	_312	6
39992040	20301009	3	-1	-1	10000	39992041	0	_313	2
39992041	20301009	5	-1	-1	20000	39992042	1	_314	3
39992042	20301009	7	-1	-1	30000	39992043	1	_315	4
39992043	20301009	11	-1	-1	40000	39992044	1	_316	5
39992044	20301009	16	20301010	1	50000	39992143	1	_317	6
39992045	20301009	16	-1	-1	10000	39992046	0	_318	2
39992046	20301009	18	-1	-1	20000	39992047	1	_319	3
39992047	20301009	20	-1	-1	30000	39992048	1	_320	4
39992048	20301009	24	-1	-1	40000	39992049	1	_321	5
39992049	20301009	28	20301010	1	50000	39992144	1	_322	6
39992050	20301009	16	-1	-1	10000	39992051	0	_323	2
39992051	20301009	18	-1	-1	20000	39992052	1	_324	3
39992052	20301009	20	-1	-1	30000	39992053	1	_325	4
39992053	20301009	24	-1	-1	40000	39992054	1	_326	5
39992054	20301009	28	20301010	1	50000	39992145	1	_327	6
39992055	20301009	16	-1	-1	10000	39992056	0	_328	2
39992056	20301009	18	-1	-1	20000	39992057	1	_329	3
39992057	20301009	20	-1	-1	30000	39992058	1	_330	4
39992058	20301009	24	-1	-1	40000	39992059	1	_331	5
39992059	20301009	28	20301010	1	50000	39992146	1	_332	6
39992060	20301009	16	-1	-1	10000	39992061	0	_333	2
39992061	20301009	18	-1	-1	20000	39992062	1	_334	3
39992062	20301009	20	-1	-1	30000	39992063	1	_335	4
39992063	20301009	24	-1	-1	40000	39992064	1	_336	5
39992064	20301009	28	20301010	1	50000	39992147	1	_337	6
39992065	20301009	16	-1	-1	10000	39992066	0	_338	2
39992066	20301009	18	-1	-1	20000	39992067	1	_339	3
39992067	20301009	20	-1	-1	30000	39992068	1	_340	4
39992068	20301009	24	-1	-1	40000	39992069	1	_341	5
39992069	20301009	28	20301010	1	50000	39992148	1	_342	6
39992070	20301009	16	-1	-1	10000	39992071	0	_343	2
39992071	20301009	18	-1	-1	20000	39992072	1	_344	3
39992072	20301009	20	-1	-1	30000	39992073	1	_345	4
39992073	20301009	24	-1	-1	40000	39992074	1	_346	5
39992074	20301009	28	20301010	1	50000	39992149	1	_347	6
39992075	20301009	16	-1	-1	10000	39992076	0	_348	2
39992076	20301009	18	-1	-1	20000	39992077	1	_349	3
39992077	20301009	20	-1	-1	30000	39992078	1	_350	4
39992078	20301009	24	-1	-1	40000	39992079	1	_351	5
39992079	20301009	28	20301010	1	50000	39992150	1	_352	6
39992080	20301009	16	-1	-1	10000	39992081	0	_353	2
39992081	20301009	18	-1	-1	20000	39992082	1	_354	3
39992082	20301009	20	-1	-1	30000	39992083	1	_355	4
39992083	20301009	24	-1	-1	40000	39992084	1	_356	5
39992084	20301009	28	20301010	1	50000	39992151	1	_357	6
39992085	20301009	16	-1	-1	10000	39992086	0	_358	2
39992086	20301009	18	-1	-1	20000	39992087	1	_359	3
39992087	20301009	20	-1	-1	30000	39992088	1	_360	4
39992088	20301009	24	-1	-1	40000	39992089	1	_361	5
39992089	20301009	28	20301010	1	50000	39992152	1	_362	6
39992090	20301009	36	-1	-1	10000	39992091	0	_363	2
39992091	20301009	43	-1	-1	20000	39992092	1	_364	3
39992092	20301009	50	-1	-1	30000	39992093	1	_365	4
39992093	20301009	56	-1	-1	40000	39992094	1	_366	5
39992094	20301009	63	20301010	1	50000	39992153	1	_367	6
39992095	20301009	36	-1	-1	10000	39992096	0	_368	2
39992096	20301009	43	-1	-1	20000	39992097	1	_369	3
39992097	20301009	50	-1	-1	30000	39992098	1	_370	4
39992098	20301009	56	-1	-1	40000	39992099	1	_371	5
39992099	20301009	63	20301010	1	50000	39992154	1	_372	6
39992100	20301009	36	-1	-1	10000	39992101	0	_373	2
39992101	20301009	43	-1	-1	20000	39992102	1	_374	3
39992102	20301009	50	-1	-1	30000	39992103	1	_375	4
39992103	20301009	56	-1	-1	40000	39992104	1	_376	5
39992104	20301009	63	20301010	1	50000	39992155	1	_377	6
39992105	20301009	36	-1	-1	10000	39992106	0	_378	2
39992106	20301009	43	-1	-1	20000	39992107	1	_379	3
39992107	20301009	50	-1	-1	30000	39992108	1	_380	4
39992108	20301009	56	-1	-1	40000	39992109	1	_381	5
39992109	20301009	63	20301010	1	50000	39992156	1	_382	6
39992110	20301009	36	-1	-1	10000	39992111	0	_383	2
39992111	20301009	43	-1	-1	20000	39992112	1	_384	3
39992112	20301009	50	-1	-1	30000	39992113	1	_385	4
39992113	20301009	56	-1	-1	40000	39992114	1	_386	5
39992114	20301009	63	20301010	1	50000	39992157	1	_387	6
39992115	20301009	36	-1	-1	10000	39992116	0	_388	2
39992116	20301009	43	-1	-1	20000	39992117	1	_389	3
39992117	20301009	50	-1	-1	30000	39992118	1	_390	4
39992118	20301009	56	-1	-1	40000	39992119	1	_391	5
39992119	20301009	63	20301010	1	50000	39992158	1	_392	6
39992120	20301009	36	-1	-1	10000	39992121	0	_393	2
39992121	20301009	43	-1	-1	20000	39992122	1	_394	3
39992122	20301009	50	-1	-1	30000	39992123	1	_395	4
39992123	20301009	56	-1	-1	40000	39992124	1	_396	5
39992124	20301009	63	20301010	1	50000	39992159	1	_397	6
39992125	20301009	36	-1	-1	10000	39992126	0	_398	2
39992126	20301009	43	-1	-1	20000	39992127	1	_399	3
39992127	20301009	50	-1	-1	30000	39992128	1	_400	4
39992128	20301009	56	-1	-1	40000	39992129	1	_401	5
39992129	20301009	63	20301010	1	50000	39992160	1	_402	6
39992130	20301009	36	-1	-1	10000	39992131	0	_403	2
39992131	20301009	43	-1	-1	20000	39992132	1	_404	3
39992132	20301009	50	-1	-1	30000	39992133	1	_405	4
39992133	20301009	56	-1	-1	40000	39992134	1	_406	5
39992134	20301009	63	20301010	1	50000	39992161	1	_407	6
39992162	20301009	3	-1	-1	10000	39992031	0	_408	2
39993000	20301009	3	-1	-1	10000	39993001	0	_409	2
39993001	20301009	5	-1	-1	20000	39993002	1	_410	3
39993002	20301009	7	-1	-1	30000	39993003	1	_411	4
39993003	20301009	11	-1	-1	40000	39993004	1	_412	5
39993004	20301009	16	20301010	1	50000	39993135	1	_413	6
39993005	20301009	3	-1	-1	10000	39993006	0	_414	2
39993006	20301009	5	-1	-1	20000	39993007	1	_415	3
39993007	20301009	7	-1	-1	30000	39993008	1	_416	4
39993008	20301009	11	-1	-1	40000	39993009	1	_417	5
39993009	20301009	16	20301010	1	50000	39993136	1	_418	6
39993010	20301009	3	-1	-1	10000	39993011	0	_419	2
39993011	20301009	5	-1	-1	20000	39993012	1	_420	3
39993012	20301009	7	-1	-1	30000	39993013	1	_421	4
39993013	20301009	11	-1	-1	40000	39993014	1	_422	5
39993014	20301009	16	20301010	1	50000	39993137	1	_423	6
39993015	20301009	3	-1	-1	10000	39993016	0	_424	2
39993016	20301009	5	-1	-1	20000	39993017	1	_425	3
39993017	20301009	7	-1	-1	30000	39993018	1	_426	4
39993018	20301009	11	-1	-1	40000	39993019	1	_427	5
39993019	20301009	16	20301010	1	50000	39993138	1	_428	6
39993020	20301009	3	-1	-1	10000	39993021	0	_429	2
39993021	20301009	5	-1	-1	20000	39993022	1	_430	3
39993022	20301009	7	-1	-1	30000	39993023	1	_431	4
39993023	20301009	11	-1	-1	40000	39993024	1	_432	5
39993024	20301009	16	20301010	1	50000	39993139	1	_433	6
39993025	20301009	3	-1	-1	10000	39993026	0	_434	2
39993026	20301009	5	-1	-1	20000	39993027	1	_435	3
39993027	20301009	7	-1	-1	30000	39993028	1	_436	4
39993028	20301009	11	-1	-1	40000	39993029	1	_437	5
39993029	20301009	16	20301010	1	50000	39993140	1	_438	6
39993030	20301009	3	-1	-1	10000	39993031	0	_439	2
39993031	20301009	5	-1	-1	20000	39993032	1	_440	3
39993032	20301009	7	-1	-1	30000	39993033	1	_441	4
39993033	20301009	11	-1	-1	40000	39993034	1	_442	5
39993034	20301009	16	20301010	1	50000	39993141	1	_443	6
39993035	20301009	3	-1	-1	10000	39993036	0	_444	2
39993036	20301009	5	-1	-1	20000	39993037	1	_445	3
39993037	20301009	7	-1	-1	30000	39993038	1	_446	4
39993038	20301009	11	-1	-1	40000	39993039	1	_447	5
39993039	20301009	16	20301010	1	50000	39993142	1	_448	6
39993040	20301009	3	-1	-1	10000	39993041	0	_449	2
39993041	20301009	5	-1	-1	20000	39993042	1	_450	3
39993042	20301009	7	-1	-1	30000	39993043	1	_451	4
39993043	20301009	11	-1	-1	40000	39993044	1	_452	5
39993044	20301009	16	20301010	1	50000	39993143	1	_453	6
39993045	20301009	16	-1	-1	10000	39993046	0	_454	2
39993046	20301009	18	-1	-1	20000	39993047	1	_455	3
39993047	20301009	20	-1	-1	30000	39993048	1	_456	4
39993048	20301009	24	-1	-1	40000	39993049	1	_457	5
39993049	20301009	28	20301010	1	50000	39993144	1	_458	6
39993050	20301009	16	-1	-1	10000	39993051	0	_459	2
39993051	20301009	18	-1	-1	20000	39993052	1	_460	3
39993052	20301009	20	-1	-1	30000	39993053	1	_461	4
39993053	20301009	24	-1	-1	40000	39993054	1	_462	5
39993054	20301009	28	20301010	1	50000	39993145	1	_463	6
39993055	20301009	16	-1	-1	10000	39993056	0	_464	2
39993056	20301009	18	-1	-1	20000	39993057	1	_465	3
39993057	20301009	20	-1	-1	30000	39993058	1	_466	4
39993058	20301009	24	-1	-1	40000	39993059	1	_467	5
39993059	20301009	28	20301010	1	50000	39993146	1	_468	6
39993060	20301009	16	-1	-1	10000	39993061	0	_469	2
39993061	20301009	18	-1	-1	20000	39993062	1	_470	3
39993062	20301009	20	-1	-1	30000	39993063	1	_471	4
39993063	20301009	24	-1	-1	40000	39993064	1	_472	5
39993064	20301009	28	20301010	1	50000	39993147	1	_473	6
39993065	20301009	16	-1	-1	10000	39993066	0	_474	2
39993066	20301009	18	-1	-1	20000	39993067	1	_475	3
39993067	20301009	20	-1	-1	30000	39993068	1	_476	4
39993068	20301009	24	-1	-1	40000	39993069	1	_477	5
39993069	20301009	28	20301010	1	50000	39993148	1	_478	6
39993070	20301009	16	-1	-1	10000	39993071	0	_479	2
39993071	20301009	18	-1	-1	20000	39993072	1	_480	3
39993072	20301009	20	-1	-1	30000	39993073	1	_481	4
39993073	20301009	24	-1	-1	40000	39993074	1	_482	5
39993074	20301009	28	20301010	1	50000	39993149	1	_483	6
39993075	20301009	16	-1	-1	10000	39993076	0	_484	2
39993076	20301009	18	-1	-1	20000	39993077	1	_485	3
39993077	20301009	20	-1	-1	30000	39993078	1	_486	4
39993078	20301009	24	-1	-1	40000	39993079	1	_487	5
39993079	20301009	28	20301010	1	50000	39993150	1	_488	6
39993080	20301009	16	-1	-1	10000	39993081	0	_489	2
39993081	20301009	18	-1	-1	20000	39993082	1	_490	3
39993082	20301009	20	-1	-1	30000	39993083	1	_491	4
39993083	20301009	24	-1	-1	40000	39993084	1	_492	5
39993084	20301009	28	20301010	1	50000	39993151	1	_493	6
39993085	20301009	16	-1	-1	10000	39993086	0	_494	2
39993086	20301009	18	-1	-1	20000	39993087	1	_495	3
39993087	20301009	20	-1	-1	30000	39993088	1	_496	4
39993088	20301009	24	-1	-1	40000	39993089	1	_497	5
39993089	20301009	28	20301010	1	50000	39993152	1	_498	6
39993090	20301009	36	-1	-1	10000	39993091	0	_499	2
39993091	20301009	43	-1	-1	20000	39993092	1	_500	3
39993092	20301009	50	-1	-1	30000	39993093	1	_501	4
39993093	20301009	56	-1	-1	40000	39993094	1	_502	5
39993094	20301009	63	20301010	1	50000	39993153	1	_503	6
39993095	20301009	36	-1	-1	10000	39993096	0	_504	2
39993096	20301009	43	-1	-1	20000	39993097	1	_505	3
39993097	20301009	50	-1	-1	30000	39993098	1	_506	4
39993098	20301009	56	-1	-1	40000	39993099	1	_507	5
39993099	20301009	63	20301010	1	50000	39993154	1	_508	6
39993100	20301009	36	-1	-1	10000	39993101	0	_509	2
39993101	20301009	43	-1	-1	20000	39993102	1	_510	3
39993102	20301009	50	-1	-1	30000	39993103	1	_511	4
39993103	20301009	56	-1	-1	40000	39993104	1	_512	5
39993104	20301009	63	20301010	1	50000	39993155	1	_513	6
39993105	20301009	36	-1	-1	10000	39993106	0	_514	2
39993106	20301009	43	-1	-1	20000	39993107	1	_515	3
39993107	20301009	50	-1	-1	30000	39993108	1	_516	4
39993108	20301009	56	-1	-1	40000	39993109	1	_517	5
39993109	20301009	63	20301010	1	50000	39993156	1	_518	6
39993110	20301009	36	-1	-1	10000	39993111	0	_519	2
39993111	20301009	43	-1	-1	20000	39993112	1	_520	3
39993112	20301009	50	-1	-1	30000	39993113	1	_521	4
39993113	20301009	56	-1	-1	40000	39993114	1	_522	5
39993114	20301009	63	20301010	1	50000	39993157	1	_523	6
39993115	20301009	36	-1	-1	10000	39993116	0	_524	2
39993116	20301009	43	-1	-1	20000	39993117	1	_525	3
39993117	20301009	50	-1	-1	30000	39993118	1	_526	4
39993118	20301009	56	-1	-1	40000	39993119	1	_527	5
39993119	20301009	63	20301010	1	50000	39993158	1	_528	6
39993120	20301009	36	-1	-1	10000	39993121	0	_529	2
39993121	20301009	43	-1	-1	20000	39993122	1	_530	3
39993122	20301009	50	-1	-1	30000	39993123	1	_531	4
39993123	20301009	56	-1	-1	40000	39993124	1	_532	5
39993124	20301009	63	20301010	1	50000	39993159	1	_533	6
39993125	20301009	36	-1	-1	10000	39993126	0	_534	2
39993126	20301009	43	-1	-1	20000	39993127	1	_535	3
39993127	20301009	50	-1	-1	30000	39993128	1	_536	4
39993128	20301009	56	-1	-1	40000	39993129	1	_537	5
39993129	20301009	63	20301010	1	50000	39993160	1	_538	6
39993130	20301009	36	-1	-1	10000	39993131	0	_539	2
39993131	20301009	43	-1	-1	20000	39993132	1	_540	3
39993132	20301009	50	-1	-1	30000	39993133	1	_541	4
39993133	20301009	56	-1	-1	40000	39993134	1	_542	5
39993134	20301009	63	20301010	1	50000	39993161	1	_543	6
39993162	20301009	3	-1	-1	10000	39993031	0	_544	2
39994000	20301009	3	-1	-1	10000	39994001	0	_545	2
39994001	20301009	5	-1	-1	20000	39994002	1	_546	3
39994002	20301009	7	-1	-1	30000	39994003	1	_547	4
39994003	20301009	11	-1	-1	40000	39994004	1	_548	5
39994004	20301009	16	20301010	1	50000	39994135	1	_549	6
39994005	20301009	3	-1	-1	10000	39994006	0	_550	2
39994006	20301009	5	-1	-1	20000	39994007	1	_551	3
39994007	20301009	7	-1	-1	30000	39994008	1	_552	4
39994008	20301009	11	-1	-1	40000	39994009	1	_553	5
39994009	20301009	16	20301010	1	50000	39994136	1	_554	6
39994010	20301009	3	-1	-1	10000	39994011	0	_555	2
39994011	20301009	5	-1	-1	20000	39994012	1	_556	3
39994012	20301009	7	-1	-1	30000	39994013	1	_557	4
39994013	20301009	11	-1	-1	40000	39994014	1	_558	5
39994014	20301009	16	20301010	1	50000	39994137	1	_559	6
39994015	20301009	3	-1	-1	10000	39994016	0	_560	2
39994016	20301009	5	-1	-1	20000	39994017	1	_561	3
39994017	20301009	7	-1	-1	30000	39994018	1	_562	4
39994018	20301009	11	-1	-1	40000	39994019	1	_563	5
39994019	20301009	16	20301010	1	50000	39994138	1	_564	6
39994020	20301009	3	-1	-1	10000	39994021	0	_565	2
39994021	20301009	5	-1	-1	20000	39994022	1	_566	3
39994022	20301009	7	-1	-1	30000	39994023	1	_567	4
39994023	20301009	11	-1	-1	40000	39994024	1	_568	5
39994024	20301009	16	20301010	1	50000	39994139	1	_569	6
39994025	20301009	3	-1	-1	10000	39994026	0	_570	2
39994026	20301009	5	-1	-1	20000	39994027	1	_571	3
39994027	20301009	7	-1	-1	30000	39994028	1	_572	4
39994028	20301009	11	-1	-1	40000	39994029	1	_573	5
39994029	20301009	16	20301010	1	50000	39994140	1	_574	6
39994030	20301009	3	-1	-1	10000	39994031	0	_575	2
39994031	20301009	5	-1	-1	20000	39994032	1	_576	3
39994032	20301009	7	-1	-1	30000	39994033	1	_577	4
39994033	20301009	11	-1	-1	40000	39994034	1	_578	5
39994034	20301009	16	20301010	1	50000	39994141	1	_579	6
39994035	20301009	3	-1	-1	10000	39994036	0	_580	2
39994036	20301009	5	-1	-1	20000	39994037	1	_581	3
39994037	20301009	7	-1	-1	30000	39994038	1	_582	4
39994038	20301009	11	-1	-1	40000	39994039	1	_583	5
39994039	20301009	16	20301010	1	50000	39994142	1	_584	6
39994040	20301009	3	-1	-1	10000	39994041	0	_585	2
39994041	20301009	5	-1	-1	20000	39994042	1	_586	3
39994042	20301009	7	-1	-1	30000	39994043	1	_587	4
39994043	20301009	11	-1	-1	40000	39994044	1	_588	5
39994044	20301009	16	20301010	1	50000	39994143	1	_589	6
39994045	20301009	16	-1	-1	10000	39994046	0	_590	2
39994046	20301009	18	-1	-1	20000	39994047	1	_591	3
39994047	20301009	20	-1	-1	30000	39994048	1	_592	4
39994048	20301009	24	-1	-1	40000	39994049	1	_593	5
39994049	20301009	28	20301010	1	50000	39994144	1	_594	6
39994050	20301009	16	-1	-1	10000	39994051	0	_595	2
39994051	20301009	18	-1	-1	20000	39994052	1	_596	3
39994052	20301009	20	-1	-1	30000	39994053	1	_597	4
39994053	20301009	24	-1	-1	40000	39994054	1	_598	5
39994054	20301009	28	20301010	1	50000	39994145	1	_599	6
39994055	20301009	16	-1	-1	10000	39994056	0	_600	2
39994056	20301009	18	-1	-1	20000	39994057	1	_601	3
39994057	20301009	20	-1	-1	30000	39994058	1	_602	4
39994058	20301009	24	-1	-1	40000	39994059	1	_603	5
39994059	20301009	28	20301010	1	50000	39994146	1	_604	6
39994060	20301009	16	-1	-1	10000	39994061	0	_605	2
39994061	20301009	18	-1	-1	20000	39994062	1	_606	3
39994062	20301009	20	-1	-1	30000	39994063	1	_607	4
39994063	20301009	24	-1	-1	40000	39994064	1	_608	5
39994064	20301009	28	20301010	1	50000	39994147	1	_609	6
39994065	20301009	16	-1	-1	10000	39994066	0	_610	2
39994066	20301009	18	-1	-1	20000	39994067	1	_611	3
39994067	20301009	20	-1	-1	30000	39994068	1	_612	4
39994068	20301009	24	-1	-1	40000	39994069	1	_613	5
39994069	20301009	28	20301010	1	50000	39994148	1	_614	6
39994070	20301009	16	-1	-1	10000	39994071	0	_615	2
39994071	20301009	18	-1	-1	20000	39994072	1	_616	3
39994072	20301009	20	-1	-1	30000	39994073	1	_617	4
39994073	20301009	24	-1	-1	40000	39994074	1	_618	5
39994074	20301009	28	20301010	1	50000	39994149	1	_619	6
39994075	20301009	16	-1	-1	10000	39994076	0	_620	2
39994076	20301009	18	-1	-1	20000	39994077	1	_621	3
39994077	20301009	20	-1	-1	30000	39994078	1	_622	4
39994078	20301009	24	-1	-1	40000	39994079	1	_623	5
39994079	20301009	28	20301010	1	50000	39994150	1	_624	6
39994080	20301009	16	-1	-1	10000	39994081	0	_625	2
39994081	20301009	18	-1	-1	20000	39994082	1	_626	3
39994082	20301009	20	-1	-1	30000	39994083	1	_627	4
39994083	20301009	24	-1	-1	40000	39994084	1	_628	5
39994084	20301009	28	20301010	1	50000	39994151	1	_629	6
39994085	20301009	16	-1	-1	10000	39994086	0	_630	2
39994086	20301009	18	-1	-1	20000	39994087	1	_631	3
39994087	20301009	20	-1	-1	30000	39994088	1	_632	4
39994088	20301009	24	-1	-1	40000	39994089	1	_633	5
39994089	20301009	28	20301010	1	50000	39994152	1	_634	6
39994090	20301009	36	-1	-1	10000	39994091	0	_635	2
39994091	20301009	43	-1	-1	20000	39994092	1	_636	3
39994092	20301009	50	-1	-1	30000	39994093	1	_637	4
39994093	20301009	56	-1	-1	40000	39994094	1	_638	5
39994094	20301009	63	20301010	1	50000	39994153	1	_639	6
39994095	20301009	36	-1	-1	10000	39994096	0	_640	2
39994096	20301009	43	-1	-1	20000	39994097	1	_641	3
39994097	20301009	50	-1	-1	30000	39994098	1	_642	4
39994098	20301009	56	-1	-1	40000	39994099	1	_643	5
39994099	20301009	63	20301010	1	50000	39994154	1	_644	6
39994100	20301009	36	-1	-1	10000	39994101	0	_645	2
39994101	20301009	43	-1	-1	20000	39994102	1	_646	3
39994102	20301009	50	-1	-1	30000	39994103	1	_647	4
39994103	20301009	56	-1	-1	40000	39994104	1	_648	5
39994104	20301009	63	20301010	1	50000	39994155	1	_649	6
39994105	20301009	36	-1	-1	10000	39994106	0	_650	2
39994106	20301009	43	-1	-1	20000	39994107	1	_651	3
39994107	20301009	50	-1	-1	30000	39994108	1	_652	4
39994108	20301009	56	-1	-1	40000	39994109	1	_653	5
39994109	20301009	63	20301010	1	50000	39994156	1	_654	6
39994110	20301009	36	-1	-1	10000	39994111	0	_655	2
39994111	20301009	43	-1	-1	20000	39994112	1	_656	3
39994112	20301009	50	-1	-1	30000	39994113	1	_657	4
39994113	20301009	56	-1	-1	40000	39994114	1	_658	5
39994114	20301009	63	20301010	1	50000	39994157	1	_659	6
39994115	20301009	36	-1	-1	10000	39994116	0	_660	2
39994116	20301009	43	-1	-1	20000	39994117	1	_661	3
39994117	20301009	50	-1	-1	30000	39994118	1	_662	4
39994118	20301009	56	-1	-1	40000	39994119	1	_663	5
39994119	20301009	63	20301010	1	50000	39994158	1	_664	6
39994120	20301009	36	-1	-1	10000	39994121	0	_665	2
39994121	20301009	43	-1	-1	20000	39994122	1	_666	3
39994122	20301009	50	-1	-1	30000	39994123	1	_667	4
39994123	20301009	56	-1	-1	40000	39994124	1	_668	5
39994124	20301009	63	20301010	1	50000	39994159	1	_669	6
39994125	20301009	36	-1	-1	10000	39994126	0	_670	2
39994126	20301009	43	-1	-1	20000	39994127	1	_671	3
39994127	20301009	50	-1	-1	30000	39994128	1	_672	4
39994128	20301009	56	-1	-1	40000	39994129	1	_673	5
39994129	20301009	63	20301010	1	50000	39994160	1	_674	6
39994130	20301009	36	-1	-1	10000	39994131	0	_675	2
39994131	20301009	43	-1	-1	20000	39994132	1	_676	3
39994132	20301009	50	-1	-1	30000	39994133	1	_677	4
39994133	20301009	56	-1	-1	40000	39994134	1	_678	5
39994134	20301009	63	20301010	1	50000	39994161	1	_679	6
39994162	20301009	3	-1	-1	10000	39994031	0	_680	2
